2.0,895.6028094001038,592.0,155.0,264.0,264.0,548.4826815588185,129.0,275.819102273411,867.0
0.0,167.15769144966194,528.0,368.0,932.0,704.0,0.0,284.0,355.4960532910133,838.0
1.0,427.49740554049146,632.0,273.0,248.0,188.0,0.0,727.0,0.0,211.0
2.0,474.144867233241,573.0,410.0,64.0,427.0,365.5174714191302,492.0,378.82814220941367,680.0
2.0,695.7352100521181,948.0,75.0,781.0,523.0,757.6042909146505,804.0,977.0421815047456,328.0
2.0,354.0153393627927,510.0,544.0,985.0,243.0,204.77262878150793,307.0,726.9205920844224,414.0
1.0,0.0,769.0,228.0,191.0,542.0,473.2067954236468,949.0,9.414984549497802,30.0
0.0,471.1711260800538,494.0,776.0,427.0,386.0,0.0,144.0,212.7978400843683,574.0
2.0,671.8889344984733,412.0,340.0,164.0,208.0,842.5134420313732,433.0,1000.0,151.0
1.0,263.7407186930398,635.0,514.0,326.0,858.0,168.94927116789773,335.0,339.04288666748505,485.0
0.0,215.84659807456504,601.0,224.0,218.0,887.0,143.51129577332213,793.0,0.0,998.0
2.0,364.1715831692296,862.0,711.0,805.0,744.0,1000.0,449.0,355.2518584065939,735.0
1.0,560.114720216503,939.0,66.0,339.0,824.0,365.94484911625995,352.0,182.44837262550126,458.0
2.0,598.9867961566492,858.0,940.0,75.0,402.0,538.4586187261156,887.0,700.408064347246,268.0
1.0,112.6278112252191,887.0,857.0,627.0,652.0,455.4912715105406,620.0,82.27871489737257,969.0
2.0,480.0908394485566,543.0,924.0,946.0,300.0,195.37813035854234,152.0,434.57512782549816,125.0
1.0,727.5184010562401,611.0,817.0,973.0,444.0,373.5625622465334,554.0,443.50630037693907,814.0
1.0,280.08505529903744,250.0,208.0,828.0,928.0,691.2842697782463,171.0,278.11005121383977,758.0
0.0,0.0,187.0,341.0,56.0,380.0,0.0,632.0,0.0,473.0
0.0,70.11285313481213,367.0,126.0,770.0,247.0,0.0,652.0,448.2200381953554,498.0
2.0,718.8393367605172,853.0,225.0,645.0,892.0,846.785613878638,109.0,212.62750151646932,128.0
1.0,58.67300070851697,438.0,955.0,326.0,823.0,334.5272485577942,958.0,197.42866771579838,853.0
0.0,0.0,166.0,615.0,279.0,977.0,0.0,166.0,15.944324769391702,403.0
2.0,995.993321671664,882.0,860.0,932.0,878.0,414.30649082210425,545.0,600.9901459750648,841.0
2.0,621.509028156318,284.0,2.0,122.0,381.0,906.6001444475344,211.0,599.6303675112199,938.0
1.0,0.0,518.0,752.0,725.0,966.0,72.2756014154356,934.0,541.0080500742571,557.0
2.0,1000.0,402.0,105.0,458.0,170.0,447.9583417181216,680.0,364.45348429237856,958.0
2.0,459.6955162546941,436.0,736.0,87.0,744.0,279.84267307240384,994.0,584.3436992630008,410.0
1.0,186.22658017343454,619.0,774.0,323.0,295.0,157.54042991656974,355.0,664.0317956158785,186.0
2.0,736.1530582668369,155.0,188.0,603.0,119.0,382.7861629078601,513.0,698.756256316854,499.0
0.0,117.63837992203301,731.0,777.0,202.0,346.0,0.0,309.0,24.19322526987743,347.0
0.0,232.9075302652818,768.0,701.0,319.0,493.0,210.5040270627582,970.0,413.7783264590433,59.0
1.0,0.0,215.0,373.0,508.0,630.0,0.0,730.0,71.77587412882022,764.0
1.0,447.5979088298521,441.0,354.0,484.0,374.0,251.12404605471335,761.0,0.0,950.0
0.0,156.40225469660624,196.0,838.0,179.0,413.0,492.1820954314035,627.0,0.0,710.0
1.0,681.5066786537803,946.0,921.0,820.0,106.0,815.1381881761167,694.0,0.0,95.0
2.0,719.5256242601913,934.0,53.0,592.0,423.0,241.68723381912653,597.0,302.524812594683,766.0
0.0,150.52990998826436,607.0,629.0,158.0,569.0,0.0,566.0,361.403551495172,502.0
1.0,1000.0,802.0,191.0,90.0,392.0,255.10609616965343,417.0,86.33066384080378,640.0
2.0,630.8507673502833,637.0,19.0,464.0,697.0,823.882689877517,78.0,455.71685047859063,712.0
1.0,163.55513922370895,408.0,711.0,609.0,419.0,88.16738360625736,456.0,422.8259578062426,64.0
1.0,62.84177149157904,731.0,665.0,896.0,704.0,362.22893863837675,464.0,134.75314132852463,60.0
0.0,0.0,112.0,859.0,576.0,869.0,0.0,560.0,0.0,208.0
1.0,0.0,97.0,214.0,330.0,842.0,229.20488338881353,559.0,0.0,194.0
2.0,631.3954841131562,114.0,964.0,772.0,994.0,401.73154424175556,964.0,583.721852306833,124.0
2.0,749.7185957038429,741.0,731.0,769.0,545.0,326.9010895123781,517.0,734.8045517265115,918.0
1.0,0.0,518.0,569.0,361.0,792.0,422.4406617582332,235.0,663.6946546563084,864.0
2.0,600.7300436654854,526.0,301.0,246.0,665.0,592.8008763856338,250.0,726.5971014074257,285.0
1.0,376.11496972047337,797.0,446.0,742.0,599.0,643.255001514855,968.0,116.15601356105597,504.0
1.0,0.0,490.0,576.0,691.0,330.0,50.94410976110342,279.0,236.16690678335632,164.0
2.0,651.5472480461804,662.0,648.0,547.0,35.0,423.9322151743861,148.0,764.6266242988445,70.0
0.0,147.28150803576773,820.0,629.0,193.0,6.0,205.08938091116693,939.0,274.56372356097086,534.0
1.0,49.9069652361606,913.0,927.0,105.0,59.0,285.96518192457864,42.0,0.0,942.0
1.0,306.7529206615083,575.0,560.0,933.0,796.0,225.44003544937422,261.0,467.65573068426863,61.0
2.0,131.06483815009838,572.0,128.0,747.0,755.0,351.96295840198934,949.0,407.02166254004777,735.0
0.0,63.774539680095295,221.0,88.0,258.0,213.0,154.5978561313139,535.0,161.9538625249596,661.0
0.0,0.0,340.0,675.0,24.0,403.0,421.99936775380206,56.0,0.0,413.0
1.0,0.0,578.0,344.0,588.0,508.0,178.24730434491715,832.0,299.56056929540364,261.0
0.0,71.0873040984507,354.0,967.0,248.0,47.0,523.7046588459949,596.0,0.0,434.0
2.0,270.3236808539016,668.0,29.0,723.0,234.0,469.04548273463104,835.0,153.00823603841442,122.0
1.0,359.2681753719458,947.0,642.0,227.0,413.0,156.85578171881517,737.0,176.49012016096205,356.0
0.0,0.0,118.0,147.0,224.0,400.0,0.0,340.0,94.96304607704667,534.0
1.0,399.42010919931266,766.0,169.0,226.0,55.0,0.0,719.0,163.9099790926744,470.0
0.0,0.0,928.0,35.0,630.0,866.0,154.15635610742197,107.0,302.25880312490244,498.0
2.0,450.29324138622223,6.0,412.0,753.0,90.0,1000.0,964.0,691.6077976307496,878.0
1.0,662.0093889504466,98.0,169.0,813.0,919.0,312.76859378763,286.0,172.01734384825048,822.0
0.0,240.41074686806172,803.0,383.0,713.0,107.0,56.67465033170751,535.0,0.0,163.0
1.0,143.52552347717236,816.0,462.0,233.0,591.0,205.39860824594118,170.0,345.16465363858225,521.0
0.0,393.52521282983577,948.0,476.0,505.0,252.0,0.0,277.0,0.0,428.0
1.0,404.1266547293857,435.0,366.0,344.0,236.0,370.422068016776,281.0,210.1263730264307,193.0
1.0,208.2314057734205,798.0,307.0,794.0,928.0,89.15293185013947,119.0,192.50573446018907,595.0
0.0,369.5118094600526,513.0,542.0,153.0,28.0,0.0,681.0,601.8947477003867,657.0
0.0,112.13696039399923,109.0,888.0,35.0,886.0,265.97722817645456,715.0,391.72906486406174,320.0
2.0,893.8763513688023,720.0,30.0,785.0,122.0,797.9963423829361,729.0,343.21151704510635,36.0
1.0,344.3728891520709,518.0,574.0,849.0,219.0,704.5624226662829,383.0,117.0709798555216,749.0
2.0,484.46422840283583,82.0,544.0,81.0,918.0,643.3951319727494,578.0,547.2517752193719,134.0
0.0,216.80518691215462,301.0,225.0,908.0,868.0,163.9527433658717,972.0,0.0,469.0
2.0,679.1707421864086,489.0,654.0,984.0,176.0,538.5808542875695,11.0,695.9139389442543,902.0
1.0,203.07677670252627,117.0,643.0,449.0,369.0,123.28714248066032,292.0,198.96860016732373,556.0
0.0,654.8321093593596,17.0,133.0,807.0,804.0,381.2708708457052,912.0,0.0,375.0
0.0,0.0,448.0,603.0,126.0,329.0,0.0,918.0,140.0671858717982,527.0
1.0,68.5114030338907,560.0,348.0,86.0,974.0,0.0,555.0,0.0,374.0
0.0,77.05046888717428,678.0,823.0,64.0,56.0,0.0,562.0,76.7104166627231,123.0
1.0,241.02041424842628,863.0,352.0,468.0,644.0,206.14197737290382,527.0,930.6163464938106,33.0
0.0,0.0,811.0,814.0,285.0,633.0,0.0,346.0,256.4057013275457,910.0
2.0,603.8261330187325,693.0,70.0,518.0,757.0,535.9180555146245,913.0,553.4373553362954,992.0
0.0,0.0,163.0,627.0,709.0,116.0,1.5030996422001384,107.0,0.0,239.0
2.0,271.5245640619768,780.0,759.0,50.0,700.0,1000.0,602.0,463.304020108657,218.0
2.0,752.8935809181947,926.0,261.0,512.0,664.0,724.0665330869218,628.0,266.9556981339918,625.0
2.0,864.0161866487211,255.0,349.0,186.0,200.0,147.0179356753837,685.0,815.4879072576313,224.0
0.0,108.01614780175063,191.0,354.0,258.0,547.0,0.0,183.0,254.69130009853544,92.0
2.0,243.508946098923,738.0,200.0,259.0,299.0,467.6920721466737,363.0,795.1073836672483,413.0
0.0,107.54082584766505,462.0,875.0,730.0,615.0,106.71618413639712,817.0,0.0,985.0
0.0,28.463528814221686,482.0,362.0,906.0,114.0,109.54856895843508,333.0,2.834357401770579,819.0
1.0,147.412674863553,684.0,305.0,457.0,47.0,0.0,327.0,838.9992444979758,568.0
2.0,663.7699473524269,362.0,89.0,592.0,291.0,456.91913795611066,715.0,588.5673656442956,404.0
2.0,557.0799423843526,87.0,820.0,324.0,680.0,895.8486879292718,162.0,322.35583758908786,475.0
2.0,626.1513977138444,32.0,532.0,133.0,386.0,157.03202767940033,537.0,230.67147958057046,220.0
2.0,765.6402530915221,306.0,46.0,352.0,545.0,71.05234220221725,225.0,702.9608717179254,225.0
1.0,529.7949686499961,461.0,218.0,89.0,973.0,322.4079291272337,56.0,687.6072437502407,530.0
2.0,362.5942726857104,53.0,934.0,454.0,528.0,57.14516113406727,501.0,1000.0,548.0
2.0,603.1694595185184,300.0,201.0,57.0,316.0,1000.0,326.0,294.0507423007001,379.0
1.0,380.8664105106729,535.0,760.0,267.0,535.0,353.19011949009507,140.0,459.574409887555,913.0
0.0,381.6235089676842,58.0,70.0,739.0,133.0,0.0,507.0,10.845978858273707,300.0
0.0,236.19507730280068,8.0,751.0,511.0,74.0,54.96981274400141,937.0,129.94314073767205,20.0
1.0,644.7180871898448,178.0,207.0,135.0,705.0,22.381740104534927,166.0,294.3037909844453,717.0
2.0,366.8392862864139,991.0,204.0,669.0,644.0,669.3329963310642,286.0,339.84944001965505,382.0
0.0,0.0,429.0,475.0,544.0,570.0,384.7904380046312,896.0,0.0,921.0
1.0,589.672349581011,747.0,302.0,594.0,263.0,33.858606652622434,15.0,201.8411877993027,30.0
2.0,839.0993747681589,701.0,527.0,933.0,637.0,923.2448642388723,460.0,662.120337095472,845.0
0.0,0.0,38.0,716.0,791.0,848.0,228.67985410146215,898.0,205.21119941189943,177.0
1.0,253.3836031233505,50.0,653.0,585.0,61.0,58.91553121312709,537.0,343.9833211753085,22.0
2.0,633.368487200624,278.0,983.0,99.0,435.0,282.01188162190783,683.0,693.8885337015946,141.0
0.0,0.0,67.0,710.0,456.0,155.0,192.39852269060083,964.0,0.0,37.0
2.0,440.7453556133157,671.0,808.0,818.0,543.0,299.27757120480965,714.0,593.8304274023595,391.0
1.0,342.2666354773187,333.0,943.0,832.0,213.0,176.2426696813252,813.0,0.0,912.0
1.0,100.82835748393796,788.0,708.0,440.0,560.0,723.614602372436,232.0,164.97852861299478,598.0
1.0,169.548839420723,157.0,897.0,388.0,528.0,0.0,971.0,460.04256172189775,796.0
0.0,0.0,460.0,478.0,979.0,555.0,207.5372464741822,835.0,392.5964185111861,404.0
1.0,56.07106178795099,643.0,942.0,792.0,95.0,0.0,884.0,733.4579151249334,754.0
0.0,45.70331416858111,137.0,825.0,958.0,998.0,71.30396750442173,912.0,547.8056926173573,933.0
0.0,25.101947593891076,140.0,419.0,839.0,386.0,164.94269719782343,633.0,0.0,934.0
0.0,0.0,812.0,584.0,133.0,289.0,460.0938114920404,938.0,262.80473530784303,248.0
0.0,0.0,689.0,337.0,746.0,51.0,0.0,108.0,249.57432064677906,737.0
2.0,717.7822116684555,950.0,61.0,345.0,223.0,274.23637816799106,17.0,141.9770086777502,394.0
2.0,0.0,760.0,784.0,495.0,476.0,577.5828954695081,336.0,659.4051320214407,959.0
2.0,542.8797859762215,849.0,392.0,0.0,879.0,524.3899722337189,930.0,6.683725352168242,770.0
1.0,0.0,897.0,313.0,183.0,693.0,532.3922214972141,49.0,346.2940071913882,573.0
2.0,1000.0,990.0,846.0,38.0,972.0,837.6413713353614,606.0,987.4632766753987,702.0
1.0,718.9719464879636,847.0,428.0,110.0,529.0,516.6776193129806,98.0,203.307299039845,402.0
0.0,95.4940276153349,497.0,182.0,428.0,420.0,0.0,978.0,0.0,861.0
2.0,529.2156040607275,70.0,531.0,43.0,152.0,714.195617615797,323.0,392.1372895813393,365.0
0.0,0.0,246.0,925.0,141.0,521.0,0.0,913.0,0.0,460.0
1.0,359.1852308938632,813.0,497.0,42.0,488.0,0.0,200.0,270.4435379012441,538.0
0.0,588.7578288535785,949.0,603.0,672.0,897.0,97.54322267570906,418.0,132.22074590367743,923.0
2.0,865.5655726406177,879.0,168.0,77.0,459.0,266.9512452840951,504.0,190.7948423301213,751.0
1.0,0.0,162.0,30.0,423.0,369.0,241.93304849281517,79.0,0.0,603.0
0.0,454.7960637458824,138.0,54.0,694.0,683.0,144.63192627949195,535.0,465.52976861294474,949.0
0.0,617.1819090434271,523.0,348.0,608.0,834.0,0.0,161.0,0.0,520.0
1.0,0.0,819.0,363.0,673.0,724.0,579.1369763198107,11.0,485.8307340492356,611.0
2.0,376.31757046237504,317.0,406.0,963.0,56.0,637.9274306753076,279.0,821.5741697850409,894.0
2.0,281.43631122563426,889.0,861.0,528.0,436.0,605.0116288152986,413.0,185.55447523259957,491.0
0.0,614.8845721480062,316.0,547.0,274.0,143.0,538.3146834782931,228.0,0.0,80.0
2.0,250.84107196040716,960.0,558.0,961.0,461.0,811.5462800010415,814.0,183.119455356497,812.0
1.0,309.45358077449015,307.0,548.0,980.0,403.0,255.26761679988647,815.0,902.8039058031517,335.0
2.0,901.6574565974013,771.0,770.0,346.0,896.0,527.9006782359218,466.0,1000.0,545.0
1.0,0.0,220.0,120.0,175.0,280.0,475.62351165967664,680.0,0.0,609.0
0.0,0.0,510.0,637.0,73.0,614.0,214.2205379646512,409.0,0.0,695.0
0.0,294.17598497366004,657.0,308.0,371.0,192.0,457.29640982647277,459.0,0.0,397.0
1.0,0.0,264.0,720.0,549.0,1.0,664.57626569493,782.0,549.6143153112449,750.0
2.0,535.1469645490295,422.0,380.0,640.0,389.0,522.1235415899506,235.0,1000.0,335.0
1.0,36.93657912022691,487.0,900.0,889.0,49.0,190.84709146552294,398.0,423.8239547489167,29.0
0.0,0.0,533.0,124.0,129.0,451.0,0.0,572.0,0.0,617.0
2.0,558.4158109688832,612.0,630.0,772.0,445.0,911.4708694862834,651.0,514.3661243151029,106.0
0.0,372.1337276343179,244.0,402.0,635.0,79.0,0.0,524.0,396.4659003444342,549.0
2.0,478.6821297666838,862.0,513.0,153.0,214.0,521.2823881499552,496.0,1000.0,673.0
0.0,0.0,219.0,410.0,421.0,734.0,0.0,847.0,0.0,987.0
0.0,201.2200500911729,920.0,291.0,219.0,813.0,480.1886635009438,830.0,0.0,414.0
0.0,427.1361659369187,254.0,285.0,105.0,603.0,0.0,706.0,24.3956661146809,413.0
0.0,245.61953288239243,56.0,397.0,806.0,36.0,0.0,586.0,60.195062048994394,463.0
0.0,160.73480217233325,670.0,294.0,282.0,749.0,44.918312605483514,181.0,23.084421285344778,592.0
1.0,0.0,238.0,844.0,143.0,509.0,297.55873764565257,524.0,136.7802016482263,37.0
2.0,540.8748261979082,156.0,935.0,918.0,58.0,816.8629016727156,602.0,721.9883378784847,267.0
1.0,263.1779906710962,52.0,644.0,580.0,521.0,500.9211462675299,142.0,267.59704874453377,14.0
0.0,0.0,368.0,864.0,657.0,371.0,209.15728170890802,547.0,60.13586059774282,579.0
0.0,254.36955669829368,668.0,993.0,935.0,2.0,0.0,744.0,0.0,235.0
1.0,187.26060148113606,699.0,477.0,900.0,738.0,608.1693505656677,896.0,197.93585502649964,844.0
0.0,0.0,870.0,283.0,192.0,888.0,0.0,793.0,327.2861294779039,947.0
1.0,218.04156115211998,231.0,874.0,586.0,619.0,106.45122015903229,214.0,0.0,909.0
0.0,519.4674151223711,473.0,114.0,966.0,86.0,109.25235699305644,624.0,37.68762198476982,533.0
2.0,901.8663493523933,145.0,542.0,914.0,541.0,482.7019983287493,193.0,222.1641620254111,48.0
2.0,659.9317929219984,78.0,17.0,442.0,264.0,345.64726712116374,391.0,496.3057619803638,839.0
0.0,355.0745571597306,789.0,65.0,182.0,447.0,94.13260309966329,571.0,59.64739834556959,734.0
0.0,21.980911782618396,791.0,491.0,705.0,569.0,0.0,69.0,0.0,416.0
0.0,289.4919477717528,544.0,740.0,708.0,229.0,0.0,797.0,0.0,842.0
1.0,0.0,152.0,607.0,661.0,96.0,200.52512907484945,965.0,420.81258574453693,617.0
0.0,160.95434554338925,661.0,73.0,653.0,47.0,0.0,489.0,0.0,69.0
0.0,0.0,96.0,930.0,619.0,266.0,0.0,853.0,656.5401664579117,983.0
1.0,606.1825484513895,679.0,356.0,641.0,938.0,0.0,392.0,539.4896585498088,331.0
2.0,575.3327069975365,562.0,251.0,903.0,517.0,512.6897597155368,706.0,545.346374491457,896.0
0.0,545.6011229414045,375.0,998.0,596.0,374.0,0.0,568.0,0.0,28.0
2.0,630.1262687672848,541.0,647.0,715.0,668.0,205.27028970939605,215.0,751.1701785102974,329.0
2.0,140.0018256063126,201.0,443.0,671.0,871.0,771.0982943377129,614.0,527.8141997926302,700.0
1.0,410.58682626274395,421.0,834.0,350.0,393.0,206.9332216219534,443.0,157.49221693167695,318.0
1.0,0.0,786.0,537.0,320.0,420.0,0.0,203.0,264.2271930693006,126.0
2.0,506.0163773996621,834.0,226.0,108.0,503.0,573.727372506019,834.0,932.9461007569254,317.0
2.0,419.02809536308774,731.0,158.0,153.0,779.0,547.1126264203897,316.0,449.9304185039883,761.0
0.0,0.0,285.0,961.0,467.0,770.0,0.0,330.0,0.0,745.0
0.0,215.40153748010152,126.0,529.0,102.0,681.0,0.0,263.0,0.0,844.0
0.0,251.00807106520185,822.0,286.0,593.0,693.0,161.397907886728,127.0,0.0,949.0
2.0,0.0,820.0,660.0,758.0,949.0,311.96837743703594,319.0,0.0,460.0
1.0,148.61571621561973,101.0,515.0,521.0,188.0,641.6419719338173,409.0,487.33662479252695,625.0
1.0,553.2976186729711,604.0,247.0,576.0,320.0,331.7186525684038,261.0,123.82927311236439,546.0
2.0,1000.0,108.0,527.0,379.0,714.0,506.38352840430525,91.0,831.2019012394328,795.0
1.0,573.9519846426663,555.0,435.0,793.0,690.0,0.0,413.0,472.41680513741727,176.0
0.0,0.0,941.0,476.0,158.0,69.0,876.8420931199776,381.0,0.0,218.0
0.0,285.81960739458776,136.0,753.0,932.0,663.0,567.2236810345896,341.0,144.56886012043597,920.0
0.0,64.09725220691824,493.0,356.0,847.0,317.0,0.0,934.0,0.0,616.0
2.0,324.2027008812388,925.0,340.0,35.0,656.0,435.7847860498813,301.0,592.9444183763549,810.0
2.0,180.5556302385678,289.0,917.0,891.0,689.0,424.9645190597955,933.0,596.3886957696263,558.0
2.0,906.5916334771085,488.0,677.0,944.0,845.0,475.3214023507588,914.0,700.0815900702739,640.0
0.0,104.02838133588617,219.0,790.0,705.0,503.0,47.40884770601067,370.0,105.65937874901303,308.0
2.0,707.4144556995622,740.0,187.0,275.0,232.0,436.0073500892407,827.0,953.7854722513583,759.0
2.0,967.9730916361603,413.0,605.0,978.0,369.0,698.2948978180455,403.0,707.9577494773347,528.0
2.0,943.8270856447283,639.0,437.0,609.0,8.0,205.97331809532616,594.0,540.6101434930466,470.0
0.0,0.0,227.0,650.0,527.0,295.0,0.0,99.0,424.64262707922586,845.0
2.0,801.5614375260882,729.0,993.0,232.0,190.0,688.4089739900671,972.0,562.0971639591368,420.0
2.0,492.11900409994973,602.0,309.0,651.0,455.0,460.05895233838834,151.0,413.5538167114757,669.0
1.0,87.9690526181699,280.0,278.0,817.0,701.0,149.66668507624425,639.0,0.0,780.0
2.0,658.135716708155,30.0,917.0,581.0,498.0,590.3407851980528,93.0,1000.0,180.0
1.0,0.0,231.0,861.0,3.0,392.0,469.16684309943446,701.0,541.2578855012652,50.0
2.0,666.2465763161786,71.0,330.0,794.0,585.0,774.2581602126738,485.0,620.4691341983087,116.0
0.0,100.12469834884142,423.0,221.0,359.0,684.0,0.0,711.0,534.2127144353691,274.0
1.0,412.11461351459064,786.0,495.0,171.0,926.0,179.5056704627279,433.0,0.0,182.0
2.0,766.5461029732998,512.0,768.0,286.0,645.0,875.2830364253274,278.0,554.8982224745729,394.0
2.0,301.91010915538095,44.0,235.0,127.0,407.0,618.3351146202342,464.0,1000.0,253.0
1.0,298.5102045498558,483.0,635.0,295.0,507.0,371.3397084290219,195.0,384.25003575542405,353.0
1.0,986.4036422049543,247.0,663.0,631.0,719.0,258.8017606300302,675.0,340.6599482265414,782.0
2.0,937.3934547025566,63.0,295.0,47.0,744.0,525.9437530458629,38.0,475.90713457798586,60.0
0.0,0.0,387.0,340.0,987.0,646.0,0.0,148.0,0.0,251.0
2.0,815.9629458118811,293.0,295.0,441.0,931.0,445.47671009047207,873.0,725.9841133376651,42.0
1.0,13.601696709066877,995.0,294.0,301.0,251.0,0.0,108.0,477.62856141512106,818.0
0.0,0.0,339.0,829.0,688.0,444.0,405.47942030025774,429.0,188.00392010865136,399.0
0.0,0.0,224.0,304.0,577.0,537.0,239.75302240186983,598.0,0.0,2.0
0.0,73.69677621678247,592.0,854.0,837.0,777.0,211.75211508472816,805.0,68.38826601816608,109.0
2.0,457.4740675587346,219.0,406.0,27.0,459.0,804.4877206465231,38.0,317.0968883334225,472.0
1.0,0.0,136.0,637.0,977.0,420.0,426.5108167000002,235.0,684.984225971694,612.0
1.0,106.32958595725434,57.0,978.0,406.0,970.0,645.5137195157613,971.0,233.71737286305242,831.0
2.0,501.8673123319753,562.0,666.0,95.0,637.0,20.66639051733923,584.0,379.83157239206366,601.0
0.0,302.17451293729533,488.0,205.0,79.0,78.0,773.6547326229214,200.0,75.653344307994,768.0
1.0,0.0,426.0,34.0,873.0,855.0,0.0,602.0,167.60350887341315,887.0
2.0,894.75203818042,925.0,978.0,163.0,948.0,1000.0,355.0,616.077859710467,28.0
0.0,587.516760024122,544.0,112.0,560.0,431.0,131.82622587600645,216.0,0.0,697.0
0.0,217.46985339032074,526.0,675.0,145.0,592.0,28.34821376376762,50.0,0.0,146.0
0.0,166.75737247004807,504.0,937.0,411.0,303.0,67.93765190552377,204.0,256.5119528950522,440.0
0.0,0.0,572.0,16.0,282.0,895.0,519.8673252810904,397.0,321.59102311418513,251.0
0.0,0.0,848.0,642.0,443.0,618.0,81.4124061257517,2.0,299.8627215039486,417.0
2.0,588.5132296723392,442.0,151.0,960.0,455.0,586.7580743413733,851.0,390.68784659881544,588.0
1.0,1000.0,414.0,831.0,942.0,836.0,0.0,604.0,444.98379359316107,207.0
0.0,0.0,0.0,269.0,189.0,809.0,503.2875337154038,669.0,812.1781248303197,697.0
1.0,597.6067857507389,717.0,367.0,268.0,849.0,339.7047658124145,857.0,170.96203761514144,793.0
1.0,423.25433012075877,556.0,833.0,580.0,472.0,195.0597439383042,519.0,459.19485885220035,575.0
2.0,233.37980613120513,901.0,943.0,705.0,658.0,339.41362744163433,968.0,417.217686194045,214.0
1.0,0.0,268.0,175.0,643.0,403.0,862.2455230216019,134.0,243.61864481840342,125.0
0.0,143.42686923876715,475.0,289.0,102.0,435.0,0.0,652.0,0.0,375.0
1.0,6.117933498112136,279.0,337.0,710.0,537.0,180.36900278160223,576.0,0.0,586.0
1.0,0.0,379.0,360.0,758.0,794.0,549.9201272492994,173.0,516.1888211533663,148.0
1.0,98.7205961317122,301.0,389.0,549.0,810.0,401.0688859201211,343.0,192.98874338343037,434.0
2.0,989.8908703174066,590.0,462.0,594.0,886.0,531.8305827256381,322.0,981.5038700123832,557.0
0.0,0.0,421.0,594.0,890.0,506.0,298.1788194931654,129.0,245.14433643461177,9.0
2.0,313.5635222758254,855.0,918.0,809.0,811.0,130.1276172654637,545.0,551.1923815777166,670.0
0.0,209.51730847319396,696.0,928.0,909.0,964.0,51.920462443175694,632.0,0.0,916.0
2.0,522.825674834929,854.0,659.0,74.0,190.0,648.6274205369432,766.0,1000.0,400.0
2.0,943.424648101084,629.0,431.0,238.0,444.0,355.5326498579482,964.0,71.8875609121983,499.0
2.0,491.7019471766715,143.0,646.0,999.0,567.0,704.4922077755319,744.0,231.7527616564431,922.0
0.0,340.3114167892883,406.0,204.0,602.0,168.0,186.91410356628768,959.0,581.4849029864074,937.0
0.0,740.9995177562795,41.0,889.0,9.0,275.0,577.6683413090636,604.0,54.564747327889165,138.0
1.0,343.7861837986045,601.0,999.0,318.0,589.0,495.90975830513287,919.0,416.2257761032856,560.0
0.0,640.4275488816309,61.0,704.0,725.0,652.0,262.3305571878439,261.0,93.33916329721973,789.0
2.0,293.6267263588523,163.0,407.0,548.0,830.0,192.985681215471,843.0,90.17227520339952,167.0
2.0,1000.0,14.0,178.0,147.0,490.0,388.2637761966356,189.0,436.70133970994203,598.0
0.0,0.0,1.0,244.0,787.0,665.0,493.04454541677075,151.0,0.0,942.0
1.0,104.59472525386876,829.0,898.0,601.0,345.0,0.0,337.0,489.95354234671174,32.0
0.0,433.9038466722689,754.0,876.0,528.0,581.0,0.0,689.0,305.764095133235,215.0
1.0,0.0,186.0,974.0,294.0,184.0,0.0,255.0,0.0,690.0
2.0,402.0140403410823,561.0,494.0,211.0,514.0,1000.0,409.0,606.06365697839,506.0
1.0,0.0,87.0,938.0,908.0,818.0,322.7290288113946,100.0,417.47663704086744,675.0
0.0,178.91858427569397,957.0,790.0,483.0,272.0,18.385973726592788,887.0,0.0,870.0
0.0,0.0,824.0,375.0,319.0,875.0,0.0,944.0,0.0,696.0
2.0,936.1765402872928,244.0,135.0,424.0,971.0,244.08617283031467,40.0,426.96625904264874,852.0
1.0,26.538478691781844,53.0,561.0,606.0,381.0,310.99452295271976,16.0,216.13493688670462,646.0
2.0,0.0,124.0,725.0,773.0,873.0,453.42410874204245,893.0,791.6637706551228,685.0
1.0,405.6493835978241,895.0,82.0,666.0,222.0,428.83387357556927,6.0,517.7511922173142,94.0
2.0,380.18306326310335,485.0,738.0,850.0,791.0,19.07146874769581,425.0,602.8868215442352,317.0
0.0,183.51935347750612,772.0,395.0,730.0,423.0,0.0,590.0,0.0,105.0
2.0,492.53454520368126,948.0,635.0,187.0,484.0,567.2369531654463,983.0,975.0334781353282,114.0
0.0,107.41827882405086,571.0,328.0,756.0,835.0,389.1523280255751,742.0,189.49757928611214,33.0
2.0,166.60681194848596,768.0,940.0,328.0,917.0,684.4523068249737,301.0,612.2598405066553,348.0
2.0,308.5170031334416,579.0,582.0,688.0,62.0,519.1782165306466,76.0,510.73696423670737,99.0
1.0,196.05712825454552,645.0,592.0,374.0,364.0,169.97260126747682,561.0,177.83467754246215,120.0
0.0,298.4489144302731,193.0,476.0,319.0,572.0,0.0,362.0,0.0,397.0
0.0,329.6826546988742,568.0,946.0,29.0,859.0,122.22692714488662,785.0,347.4272679411248,726.0
0.0,3.2448991317121805,374.0,146.0,229.0,971.0,0.0,511.0,0.0,922.0
2.0,293.0378198312343,65.0,7.0,555.0,578.0,925.1378198823313,326.0,455.51572690274094,157.0
2.0,196.08612205658434,806.0,726.0,678.0,244.0,762.6162400136946,726.0,184.54201753289578,56.0
2.0,290.72176129741314,354.0,846.0,783.0,948.0,488.78236410458857,78.0,646.301430094174,328.0
0.0,0.0,260.0,360.0,930.0,57.0,0.0,92.0,304.12028508752434,496.0
1.0,0.0,353.0,441.0,713.0,698.0,133.34681485753651,796.0,0.0,77.0
0.0,0.0,372.0,881.0,261.0,889.0,0.0,49.0,266.7416107361672,594.0
2.0,1000.0,683.0,324.0,0.0,556.0,526.0499986465405,950.0,763.7792180177015,680.0
1.0,110.02285972795273,622.0,75.0,408.0,221.0,312.56319012367214,853.0,469.6051779857894,366.0
1.0,119.9630311628404,541.0,880.0,834.0,91.0,239.2378536831135,273.0,171.77125037081697,936.0
0.0,510.78080011772164,76.0,817.0,234.0,552.0,0.0,503.0,0.0,100.0
2.0,1000.0,912.0,70.0,270.0,604.0,812.2302600188322,395.0,1000.0,881.0
1.0,68.15426388807253,325.0,204.0,774.0,897.0,271.6182946521673,794.0,366.2879348066098,680.0
0.0,0.0,996.0,864.0,662.0,791.0,372.70825191009766,474.0,502.4636121430013,437.0
1.0,524.1908720640414,395.0,188.0,48.0,393.0,169.0262722527636,792.0,757.977151285902,87.0
2.0,369.54334194972057,203.0,861.0,377.0,121.0,589.315264395456,304.0,529.1704550292021,782.0
1.0,0.0,754.0,396.0,722.0,131.0,208.10571234891026,254.0,429.0836111384056,76.0
0.0,0.0,483.0,622.0,63.0,234.0,34.202216465123215,315.0,441.3840714614714,500.0
1.0,0.0,263.0,281.0,673.0,525.0,600.127280160947,657.0,348.9476980319074,995.0
2.0,525.0653993508258,638.0,695.0,7.0,204.0,486.840357191612,747.0,814.5873773810173,343.0
1.0,207.19291616264218,155.0,629.0,138.0,572.0,217.15957388158176,200.0,0.0,63.0
2.0,801.8353785859713,578.0,351.0,908.0,411.0,376.5714616809934,348.0,446.367484319433,698.0
0.0,316.68923566256757,87.0,370.0,472.0,387.0,0.0,493.0,208.23742856508548,366.0
1.0,437.67540243776983,112.0,23.0,105.0,723.0,0.0,636.0,194.3060152139082,411.0
2.0,509.14523157428624,453.0,382.0,24.0,782.0,529.3873519620195,836.0,575.0501104092624,443.0
0.0,0.0,823.0,272.0,226.0,357.0,0.0,996.0,0.0,52.0
1.0,535.4028104894581,538.0,178.0,218.0,520.0,473.9061567898675,627.0,375.0998804489766,802.0
0.0,204.41884281584677,410.0,538.0,225.0,418.0,13.329091725310308,905.0,0.0,104.0
2.0,418.9723997990484,773.0,537.0,672.0,479.0,654.5315074555718,160.0,654.3191818713533,188.0
2.0,155.64979155404873,154.0,364.0,576.0,50.0,440.75877982203934,1.0,638.3466199706628,679.0
0.0,666.5162256085858,338.0,492.0,715.0,566.0,120.6393153028076,268.0,34.20464540445257,721.0
0.0,203.19431585529705,895.0,377.0,321.0,330.0,91.8698002670008,87.0,0.0,329.0
2.0,548.1875979702829,140.0,416.0,703.0,873.0,4.339773396726279,440.0,751.3518563069601,250.0
1.0,572.7689845703479,178.0,467.0,315.0,301.0,702.9300885019206,542.0,237.22049008684382,25.0
2.0,430.0480857149124,251.0,62.0,588.0,860.0,632.8989740337747,329.0,579.8146820639962,15.0
2.0,746.0942394851741,41.0,307.0,789.0,297.0,625.622294256615,43.0,44.84189273482855,314.0
1.0,104.21347838785508,91.0,786.0,853.0,890.0,0.0,581.0,0.0,806.0
1.0,493.45369005353405,935.0,898.0,108.0,872.0,0.0,765.0,317.2424026144234,788.0
0.0,0.0,319.0,412.0,673.0,11.0,0.0,668.0,0.0,717.0
1.0,0.0,268.0,255.0,948.0,411.0,390.093147513481,880.0,836.786715592878,455.0
1.0,0.0,439.0,589.0,50.0,316.0,50.600084500403526,485.0,671.4699743186026,457.0
2.0,594.6363064593755,847.0,925.0,130.0,184.0,367.0915630602622,904.0,319.1788737532712,165.0
1.0,119.7253611558229,267.0,805.0,773.0,470.0,125.77851186315874,932.0,26.782203953053248,232.0
0.0,0.0,146.0,277.0,609.0,595.0,170.32418825534145,165.0,0.0,27.0
0.0,434.1542840099293,484.0,376.0,892.0,603.0,108.39939246046721,909.0,249.15946397374537,234.0
1.0,10.961262792129919,103.0,401.0,752.0,191.0,657.0735199455559,54.0,417.94260874814046,583.0
1.0,524.8539333915674,135.0,525.0,838.0,804.0,113.34555306384279,985.0,473.3775186590393,124.0
0.0,251.57062366613837,702.0,188.0,142.0,889.0,0.0,59.0,0.0,235.0
1.0,331.8524764244791,737.0,42.0,867.0,109.0,10.286622517599225,836.0,158.4163921108173,882.0
1.0,390.3763319039821,710.0,535.0,897.0,376.0,355.54091385865223,998.0,599.0068669098564,198.0
2.0,1000.0,4.0,79.0,764.0,321.0,785.0016990133533,25.0,135.31574529347344,66.0
0.0,0.0,690.0,644.0,454.0,137.0,0.0,899.0,118.40883805056062,11.0
0.0,107.2684295865318,547.0,919.0,263.0,84.0,76.93792869863087,201.0,495.6788240163304,336.0
0.0,11.420653346316033,812.0,61.0,673.0,303.0,504.61384158592665,7.0,5.539659850292081,341.0
2.0,179.8393925728222,445.0,604.0,159.0,799.0,787.5894696765828,388.0,535.8173129089639,313.0
1.0,123.28801086478431,431.0,988.0,684.0,370.0,297.67815889222754,361.0,0.0,717.0
0.0,395.74822384611116,802.0,89.0,221.0,152.0,222.7364258075581,511.0,0.0,113.0
1.0,0.0,799.0,35.0,170.0,846.0,363.38217586091497,686.0,157.9580067253301,812.0
2.0,643.5626973388283,325.0,411.0,552.0,847.0,541.6828334684577,370.0,285.4941692174333,498.0
2.0,405.6446813857961,653.0,115.0,634.0,423.0,673.2671037477,93.0,453.35852424127523,12.0
0.0,141.64734866206433,361.0,476.0,232.0,377.0,0.0,324.0,168.9740232097721,717.0
2.0,586.394731867249,939.0,887.0,545.0,414.0,721.7111627504911,61.0,226.17901380366456,417.0
1.0,0.0,656.0,482.0,189.0,195.0,494.3565749537344,731.0,575.8424157713964,188.0
0.0,57.378515695528705,360.0,629.0,65.0,223.0,0.0,621.0,248.41885122386356,993.0
2.0,336.65495437722484,7.0,66.0,52.0,473.0,582.707116976777,890.0,549.4280377841111,633.0
0.0,0.0,697.0,877.0,330.0,540.0,275.23769025572017,619.0,286.2004812898066,569.0
1.0,132.6173521488906,198.0,687.0,181.0,883.0,815.2218870564948,826.0,227.2256034450239,105.0
1.0,66.88998578252311,368.0,566.0,419.0,107.0,865.1606870271103,924.0,513.2424892579378,199.0
1.0,151.85318963499424,147.0,909.0,263.0,150.0,295.80370468370495,938.0,0.0,220.0
1.0,565.1981711045626,861.0,494.0,206.0,337.0,0.0,197.0,0.0,240.0
2.0,874.8107595438759,887.0,245.0,884.0,992.0,642.2870594370812,971.0,1000.0,91.0
1.0,602.790108335125,444.0,20.0,343.0,412.0,388.60461952321407,139.0,385.1076138056564,166.0
1.0,183.48688808738646,777.0,573.0,99.0,480.0,632.0500073337923,206.0,659.1845822789322,630.0
0.0,6.966230285085855,33.0,923.0,543.0,467.0,0.0,660.0,0.0,761.0
0.0,188.97968293556363,257.0,89.0,840.0,276.0,253.41952794749722,954.0,0.0,831.0
2.0,578.7526453615527,86.0,314.0,148.0,863.0,1000.0,971.0,417.83982648166676,615.0
2.0,780.5896255767656,908.0,16.0,320.0,551.0,936.4964396988016,372.0,485.2020908873517,187.0
1.0,407.3582604687312,763.0,67.0,120.0,664.0,433.81579047260544,763.0,369.79041750256937,271.0
0.0,0.0,266.0,175.0,938.0,858.0,0.0,199.0,105.36242650924673,184.0
1.0,0.0,892.0,895.0,760.0,443.0,0.0,927.0,529.8720995972745,353.0
0.0,148.58258206488696,388.0,493.0,955.0,637.0,99.63704789696573,58.0,135.77981737252898,932.0
1.0,62.054796100198395,977.0,223.0,521.0,275.0,232.05402477473578,568.0,311.4637958205247,397.0
1.0,303.0200401878849,370.0,481.0,329.0,395.0,250.6287486548533,934.0,60.668842858843945,829.0
1.0,221.6627726196065,591.0,290.0,619.0,343.0,220.1567280234346,318.0,208.94091012605682,30.0
2.0,729.8419813319309,767.0,250.0,358.0,641.0,509.32376184546575,580.0,375.60897122632525,552.0
1.0,0.0,227.0,906.0,438.0,709.0,751.4828328319917,61.0,0.0,833.0
1.0,163.52115397811158,291.0,873.0,179.0,403.0,42.22141820614889,687.0,0.0,913.0
0.0,213.69967092900313,334.0,719.0,416.0,122.0,0.0,402.0,144.6913994560033,171.0
0.0,0.0,616.0,700.0,521.0,470.0,0.0,357.0,0.0,998.0
2.0,875.0512498388067,612.0,276.0,947.0,595.0,635.2485687386861,525.0,489.4123488690977,579.0
0.0,47.2999106251199,855.0,336.0,984.0,214.0,20.26863807587528,927.0,383.79657316198876,642.0
2.0,444.21660593238937,180.0,311.0,545.0,560.0,603.2012517183247,151.0,865.7408178906469,839.0
1.0,643.8572168152344,977.0,24.0,910.0,664.0,6.3199125435767085,651.0,105.15196396678218,191.0
0.0,0.0,677.0,322.0,782.0,614.0,0.0,1.0,499.9006288345913,185.0
2.0,211.31751424504355,722.0,520.0,868.0,759.0,687.5345430130653,323.0,324.1957833052005,39.0
0.0,207.17017047200645,407.0,842.0,552.0,310.0,67.28141144814548,561.0,344.99321576842243,862.0
2.0,401.2161714590207,576.0,107.0,361.0,526.0,631.8170824766943,344.0,1000.0,965.0
0.0,0.0,926.0,421.0,999.0,293.0,0.0,87.0,0.0,645.0
1.0,101.82290040087413,350.0,65.0,845.0,948.0,253.71520944512238,498.0,380.4560869578683,185.0
0.0,296.9496364647779,897.0,672.0,165.0,28.0,0.0,901.0,81.11900372374315,77.0
2.0,440.6286653910635,656.0,440.0,132.0,107.0,868.7139221853099,836.0,520.4182228896094,627.0
1.0,84.14500281601268,574.0,735.0,999.0,486.0,805.4781505166194,717.0,351.36433933091956,722.0
1.0,0.0,758.0,832.0,176.0,962.0,0.0,909.0,95.59399003618336,708.0
2.0,273.4668108772709,61.0,216.0,845.0,766.0,670.340635758497,622.0,900.6531122708374,570.0
1.0,676.9945144012253,203.0,88.0,930.0,408.0,180.61779835490444,736.0,162.85002609018437,696.0
2.0,484.5780543078241,482.0,707.0,575.0,812.0,348.41292641893057,538.0,568.164031698472,298.0
1.0,250.905971556784,86.0,696.0,225.0,541.0,268.81015865871984,25.0,0.0,98.0
1.0,5.258304937515642,403.0,568.0,365.0,713.0,467.9592888869256,937.0,318.73608906833493,51.0
2.0,399.73185643566404,557.0,930.0,969.0,392.0,335.8092364493844,305.0,428.6607506864817,668.0
1.0,257.3583261745101,417.0,922.0,968.0,542.0,381.58465557094115,112.0,56.47005083264197,236.0
0.0,327.7593758711608,109.0,98.0,947.0,277.0,0.0,242.0,405.2827205897317,225.0
0.0,0.0,514.0,110.0,929.0,302.0,234.76862206450423,26.0,66.82507671884981,333.0
2.0,565.7265308137418,627.0,253.0,582.0,871.0,702.8884697912441,522.0,632.0751918428941,837.0
1.0,739.3011240734088,394.0,287.0,793.0,438.0,281.62528399829716,139.0,314.438428256681,584.0
0.0,183.9736683280404,130.0,372.0,790.0,560.0,601.9208643408672,347.0,0.0,449.0
2.0,593.5879869081016,763.0,111.0,145.0,309.0,436.58025502129976,744.0,346.7959928163042,142.0
2.0,981.4907910218024,197.0,617.0,106.0,540.0,264.2800475174598,394.0,693.6168260196808,76.0
2.0,627.9287453333083,684.0,964.0,316.0,496.0,782.4741506223885,406.0,1000.0,580.0
2.0,468.1118453847607,386.0,923.0,686.0,216.0,276.40416705144054,698.0,712.8999058111248,368.0
2.0,426.34453495519875,306.0,232.0,140.0,481.0,672.5558527220022,826.0,707.5695579039191,972.0
2.0,540.9287709419821,720.0,923.0,656.0,405.0,642.1576955991333,670.0,958.4762754456247,392.0
1.0,137.6574885550124,808.0,373.0,734.0,810.0,0.0,679.0,613.6921950563647,246.0
2.0,307.0398886401162,369.0,103.0,211.0,274.0,450.92509201809025,669.0,966.7056989715829,196.0
1.0,294.92892932429555,575.0,159.0,766.0,846.0,223.13049734746252,208.0,276.83721065529926,189.0
2.0,199.52765091719985,543.0,220.0,227.0,673.0,0.0,177.0,526.7246563696172,861.0
2.0,855.135528277369,135.0,890.0,150.0,486.0,112.6656869990571,883.0,491.2318678490525,735.0
2.0,654.262872050826,67.0,102.0,268.0,336.0,624.4491049613265,444.0,127.15641848833775,792.0
1.0,235.98227524855477,759.0,1.0,863.0,649.0,79.15931326047539,697.0,41.06294343258122,415.0
1.0,72.06892775558948,422.0,195.0,567.0,659.0,559.7486040885111,169.0,178.38220068430743,644.0
2.0,320.13428233059017,605.0,799.0,956.0,557.0,1000.0,988.0,742.9728301204551,474.0
0.0,80.66856044365865,819.0,675.0,342.0,527.0,0.0,409.0,0.0,154.0
1.0,0.0,927.0,404.0,336.0,52.0,95.20198326211745,606.0,162.2816822848586,572.0
2.0,533.6213225567034,28.0,525.0,903.0,255.0,269.668684786489,562.0,480.6822335690602,552.0
1.0,257.74234148626965,67.0,638.0,765.0,889.0,560.9286753675065,801.0,494.08471909098535,874.0
0.0,729.9871694335211,214.0,748.0,11.0,609.0,505.24412757593575,245.0,407.4347745694508,241.0
1.0,176.01086403123128,150.0,610.0,258.0,610.0,134.17798832464408,785.0,0.0,249.0
2.0,0.0,285.0,206.0,186.0,592.0,432.102561364721,307.0,634.8487497535722,722.0
1.0,647.9895016038837,479.0,284.0,931.0,844.0,764.5166689366276,478.0,267.4596994841017,3.0
0.0,93.43535875359123,808.0,802.0,221.0,132.0,18.352008601613058,336.0,7.492306552528907,983.0
0.0,0.0,437.0,356.0,786.0,479.0,0.0,496.0,85.16571943631651,731.0
0.0,0.0,159.0,135.0,904.0,333.0,331.8517515569329,538.0,135.19278316854397,748.0
2.0,476.00843642027587,273.0,265.0,629.0,871.0,668.7525428794899,155.0,180.3501189285545,324.0
2.0,264.81781453913356,621.0,167.0,342.0,447.0,489.1196135526595,570.0,668.4667399422899,96.0
1.0,140.80506594671726,263.0,983.0,739.0,434.0,613.2321265233945,190.0,602.6019299831995,444.0
1.0,624.5472558276717,940.0,925.0,96.0,165.0,0.0,821.0,421.3582797875027,465.0
0.0,208.14238507060657,510.0,566.0,500.0,100.0,0.0,886.0,0.0,692.0
0.0,187.58609808730483,212.0,24.0,430.0,155.0,0.0,156.0,564.9811003236081,506.0
2.0,639.994300771245,636.0,738.0,759.0,50.0,121.63381693170138,602.0,104.57297882734673,657.0
2.0,701.3120992132418,956.0,419.0,794.0,964.0,387.60943383353697,34.0,456.68839952506204,486.0
1.0,588.1831589761617,78.0,550.0,645.0,523.0,568.3573994298474,217.0,319.3926483249353,96.0
1.0,369.07182974886115,608.0,160.0,537.0,647.0,82.52823979104065,861.0,354.46668370828576,910.0
1.0,359.5203036346611,33.0,747.0,530.0,919.0,156.8528862239192,494.0,363.09005762456167,857.0
0.0,0.0,629.0,369.0,270.0,376.0,175.1810762573751,407.0,131.7661368246175,944.0
0.0,0.0,108.0,340.0,514.0,237.0,433.69718599064475,7.0,341.93209215812436,530.0
1.0,0.0,306.0,725.0,62.0,729.0,346.8930712117812,369.0,441.5802851580925,683.0
2.0,372.7105243634765,624.0,329.0,727.0,201.0,72.30636078104486,614.0,1000.0,148.0
0.0,0.0,549.0,109.0,472.0,488.0,0.0,169.0,242.7518317705011,438.0
0.0,117.5302035523799,441.0,761.0,790.0,543.0,47.673638715539035,649.0,295.60984283216106,734.0
2.0,741.7807253515458,660.0,688.0,807.0,292.0,575.1311961654864,538.0,592.6774104697679,88.0
1.0,110.52624204535668,71.0,668.0,367.0,256.0,0.0,529.0,196.7988699271876,976.0
2.0,311.4826709626475,735.0,500.0,327.0,694.0,411.0622188099437,80.0,762.7912488725075,65.0
2.0,84.00044208294953,450.0,834.0,260.0,392.0,371.16755003606767,145.0,511.62101488282866,585.0
2.0,918.433428108599,986.0,823.0,740.0,118.0,491.2037493085903,309.0,900.3716585493893,592.0
2.0,216.8254557992556,229.0,470.0,722.0,363.0,0.0,569.0,669.8719895310917,301.0
0.0,121.92697544334551,578.0,312.0,806.0,764.0,0.0,886.0,0.0,851.0
1.0,95.7517642889662,428.0,782.0,168.0,917.0,271.6173077900191,836.0,1000.0,742.0
2.0,80.2997896479244,682.0,851.0,818.0,199.0,469.7841452276388,771.0,1000.0,688.0
0.0,0.0,825.0,783.0,495.0,677.0,6.943483583514454,320.0,167.08519900600754,341.0
1.0,262.91691317107706,607.0,23.0,372.0,788.0,438.89439698805126,333.0,403.3784673034451,732.0
1.0,77.83925583126255,851.0,429.0,355.0,416.0,0.0,252.0,584.167143122837,118.0
2.0,250.57940093141391,146.0,20.0,732.0,931.0,545.1002026262684,570.0,949.6109797177303,217.0
0.0,0.0,286.0,198.0,802.0,121.0,33.77382791769305,293.0,0.0,365.0
1.0,0.0,516.0,178.0,700.0,589.0,565.4854382526813,483.0,554.767187336275,833.0
2.0,61.97776186668275,490.0,929.0,418.0,270.0,41.605216260955565,813.0,755.1234964209908,132.0
1.0,495.453961541566,770.0,203.0,685.0,966.0,185.9381502475176,205.0,153.7681917334467,366.0
1.0,79.40124920617443,4.0,24.0,992.0,55.0,772.6279214760552,421.0,66.58067907724627,498.0
0.0,419.5721597863508,663.0,802.0,335.0,510.0,315.63673889994294,440.0,298.4582058667481,426.0
0.0,0.0,977.0,155.0,626.0,324.0,0.0,65.0,80.48169221506511,690.0
0.0,96.53659544048375,971.0,276.0,600.0,42.0,0.0,841.0,0.0,311.0
0.0,547.7725361750195,493.0,304.0,236.0,646.0,0.0,76.0,430.0755272381307,926.0
1.0,42.50059047804283,495.0,421.0,488.0,536.0,798.0872333112831,923.0,140.83905726490593,511.0
2.0,434.39266667459196,50.0,243.0,797.0,164.0,1000.0,885.0,667.7193759437782,511.0
0.0,0.0,181.0,397.0,473.0,688.0,4.444845872489462,376.0,0.0,820.0
2.0,83.73290694768038,240.0,788.0,881.0,966.0,802.1387992419229,868.0,796.3360985957031,542.0
1.0,86.31318325902767,694.0,700.0,348.0,958.0,599.242327900951,595.0,388.19646387412655,981.0
2.0,889.5685493415717,211.0,79.0,412.0,937.0,402.04270148593366,340.0,1000.0,119.0
1.0,173.6484341192053,335.0,272.0,731.0,751.0,267.03584979148513,684.0,330.70942547568063,297.0
0.0,0.0,211.0,80.0,408.0,787.0,135.54733769274853,468.0,357.90549731340934,342.0
2.0,803.1456005412939,153.0,78.0,356.0,626.0,485.40140996123085,989.0,496.7283132330824,331.0
2.0,794.5759402778409,859.0,286.0,215.0,909.0,643.3579167083523,95.0,1000.0,79.0
1.0,0.0,204.0,674.0,969.0,810.0,0.0,17.0,237.4046075407699,413.0
1.0,28.03965873618057,522.0,401.0,849.0,42.0,327.79706056593983,542.0,38.493218126674634,768.0
0.0,0.0,153.0,680.0,710.0,427.0,0.0,531.0,305.31920804291434,801.0
1.0,43.991795805163434,569.0,348.0,497.0,71.0,671.5810438555552,188.0,455.822507836379,393.0
1.0,197.25051980677037,218.0,770.0,545.0,927.0,100.99291062890794,63.0,252.93399360708867,464.0
1.0,0.0,242.0,261.0,940.0,486.0,0.0,97.0,216.37549409259373,155.0
1.0,223.4198572771658,206.0,564.0,379.0,961.0,272.66425470450696,468.0,0.0,56.0
0.0,0.0,388.0,504.0,766.0,912.0,0.0,799.0,384.90312049590835,79.0
2.0,828.3635887047984,757.0,743.0,37.0,261.0,200.5382673670778,970.0,12.885889796691119,99.0
1.0,45.3672896291299,151.0,272.0,589.0,599.0,288.6376114936385,955.0,272.11302218623587,861.0
0.0,0.0,874.0,891.0,620.0,369.0,392.6289557634933,596.0,190.66913955222273,323.0
2.0,575.2470666027413,841.0,645.0,271.0,946.0,655.0291937882673,568.0,690.5159378570431,563.0
0.0,183.9150843264063,785.0,218.0,306.0,804.0,0.0,572.0,0.0,205.0
2.0,556.93283703625,657.0,356.0,87.0,711.0,513.731250822384,995.0,353.18292279897895,778.0
1.0,562.4295795808642,430.0,418.0,98.0,478.0,597.8416318494907,900.0,101.54508605023153,293.0
0.0,222.56266598812164,643.0,42.0,446.0,870.0,139.86545156810942,985.0,0.0,157.0
0.0,408.0742977930999,742.0,857.0,307.0,388.0,364.57239184607033,235.0,0.0,751.0
0.0,135.24147073967237,215.0,589.0,918.0,458.0,568.6375055474923,329.0,0.0,968.0
1.0,545.6055483828535,874.0,492.0,905.0,790.0,0.0,352.0,1000.0,245.0
2.0,103.8222355658685,34.0,264.0,294.0,956.0,812.5320882475075,844.0,683.3515202592749,306.0
1.0,155.42409556906853,252.0,380.0,665.0,405.0,225.31611110055368,372.0,293.9611468104088,627.0
2.0,325.9516934517337,169.0,603.0,493.0,780.0,632.8505383014966,522.0,512.1542286679778,99.0
2.0,837.9800177547281,544.0,278.0,467.0,8.0,605.4513154412552,854.0,85.12499434436468,447.0
0.0,0.0,4.0,952.0,0.0,734.0,212.63651179070587,1000.0,247.6316622205783,128.0
0.0,93.011463279623,283.0,30.0,764.0,44.0,93.23854058146571,546.0,0.0,420.0
1.0,763.2318352695847,975.0,331.0,838.0,109.0,516.9648849523855,352.0,191.34089774435967,126.0
1.0,0.0,100.0,491.0,687.0,34.0,441.6548247365243,23.0,703.7725064191206,852.0
2.0,437.6829686100448,808.0,995.0,811.0,425.0,395.714051540974,127.0,475.3493703021696,996.0
1.0,102.22112751975133,120.0,888.0,374.0,325.0,58.61351544575861,510.0,0.0,425.0
2.0,994.1972871326428,775.0,278.0,36.0,570.0,702.7962315647901,606.0,807.6401222373065,86.0
2.0,528.9837489700268,93.0,533.0,576.0,227.0,1000.0,600.0,722.8581123819414,43.0
2.0,404.1759141269233,586.0,324.0,633.0,618.0,635.2432112613883,158.0,627.2522160428492,688.0
0.0,600.7158120176449,647.0,829.0,949.0,779.0,0.0,786.0,174.95942223939537,532.0
2.0,0.0,419.0,392.0,579.0,408.0,392.86933374867044,583.0,747.7866241476078,843.0
0.0,271.9770353872304,466.0,807.0,212.0,374.0,0.0,565.0,195.83416003441766,492.0
0.0,0.0,633.0,925.0,956.0,282.0,0.0,881.0,280.3117744541802,496.0
1.0,235.88899530782024,901.0,123.0,458.0,115.0,0.0,420.0,346.0195216274607,657.0
1.0,0.0,338.0,866.0,284.0,85.0,204.0743384362426,871.0,167.26253103092012,434.0
1.0,106.434597762686,664.0,728.0,468.0,773.0,0.0,776.0,82.3071221695759,460.0
2.0,713.744771465909,536.0,610.0,276.0,430.0,711.1442729023479,710.0,291.5820019215087,724.0
0.0,69.53867859079043,966.0,50.0,433.0,534.0,219.57964838694218,843.0,86.91411784997521,506.0
1.0,620.312259080764,672.0,347.0,490.0,68.0,390.25028863245836,872.0,62.82107377775222,487.0
2.0,630.1619463062929,446.0,454.0,426.0,438.0,462.24149601419816,849.0,493.7318654208554,346.0
1.0,0.0,869.0,973.0,813.0,38.0,449.26320207917814,381.0,190.1582674209356,200.0
0.0,0.0,124.0,949.0,622.0,681.0,0.0,422.0,270.91908509651233,907.0
0.0,335.8799353683216,273.0,274.0,90.0,851.0,0.0,469.0,130.77519663647428,678.0
0.0,0.0,46.0,279.0,960.0,155.0,0.0,143.0,50.08573335803175,559.0
0.0,0.0,795.0,272.0,87.0,689.0,0.0,397.0,0.0,523.0
1.0,67.41423258164517,393.0,433.0,412.0,244.0,0.0,716.0,358.33423259770746,119.0
0.0,88.38651232331502,775.0,993.0,193.0,673.0,184.80567851736393,303.0,0.0,788.0
2.0,472.09482312784525,912.0,413.0,686.0,503.0,707.0400429334927,261.0,368.80585861826904,104.0
1.0,578.8818668492302,929.0,741.0,811.0,543.0,19.437504967947135,16.0,112.0297835344266,965.0
0.0,82.88593293294093,1000.0,113.0,909.0,197.0,0.0,837.0,0.0,902.0
2.0,433.9779428254839,274.0,279.0,695.0,123.0,434.8944935920184,146.0,385.26331654805153,293.0
2.0,1000.0,901.0,280.0,819.0,3.0,1000.0,131.0,0.0,400.0
2.0,694.2954542121249,498.0,585.0,287.0,659.0,896.2700309252946,266.0,543.523125368127,877.0
2.0,481.206905854942,276.0,309.0,391.0,531.0,1000.0,6.0,593.4461001247108,648.0
2.0,917.9920615263402,835.0,659.0,400.0,448.0,102.98351333982251,733.0,780.3965726810259,198.0
2.0,924.7579508374076,940.0,638.0,324.0,961.0,0.0,222.0,718.7176068465022,536.0
0.0,0.0,676.0,758.0,691.0,762.0,88.77703595717044,245.0,96.4696339757897,9.0
1.0,371.38711462813825,716.0,288.0,619.0,542.0,613.8385510723167,262.0,898.2092310432092,321.0
2.0,393.29660698539203,22.0,190.0,679.0,681.0,764.2600546845918,210.0,226.71830335143653,150.0
2.0,226.07248506758174,395.0,961.0,5.0,399.0,570.8015396351468,843.0,382.78710440302524,148.0
1.0,0.0,345.0,188.0,363.0,551.0,167.8259502924597,905.0,666.5826644027599,449.0
0.0,386.33269502563064,329.0,738.0,999.0,639.0,285.1073745114524,395.0,171.06784325802442,763.0
1.0,716.3810478787242,133.0,621.0,891.0,824.0,438.42521730814946,35.0,476.9455589086904,192.0
0.0,299.49424644147257,249.0,795.0,196.0,806.0,20.242361936226885,948.0,366.9989709817423,424.0
0.0,198.67007746637373,88.0,546.0,266.0,273.0,0.0,952.0,420.6507773630171,57.0
0.0,567.4666653616291,534.0,835.0,658.0,89.0,326.77518611427234,644.0,0.0,268.0
1.0,348.5362557296835,312.0,579.0,325.0,407.0,479.31935802888273,66.0,270.5817265735415,358.0
0.0,0.0,661.0,442.0,30.0,178.0,130.20436514961054,708.0,820.009989829577,428.0
1.0,417.60374028171645,720.0,970.0,158.0,7.0,13.754342731610665,293.0,0.0,781.0
1.0,211.65581844123255,294.0,969.0,174.0,270.0,0.0,164.0,0.0,550.0
1.0,0.0,70.0,661.0,942.0,290.0,636.0746829894827,827.0,356.72149895246156,974.0
1.0,239.84852330003577,438.0,648.0,471.0,798.0,429.0054460314086,365.0,333.1309527418235,265.0
2.0,578.6391626778693,645.0,194.0,984.0,351.0,850.763594029197,603.0,414.2936716756864,368.0
2.0,693.4307673383655,389.0,559.0,533.0,848.0,605.6352625665605,665.0,661.4129116513394,678.0
1.0,0.0,599.0,684.0,938.0,441.0,145.60884185357122,421.0,0.0,567.0
2.0,432.92903594729466,664.0,679.0,217.0,82.0,894.9642965847163,936.0,712.4071878276029,167.0
2.0,631.25958610681,864.0,976.0,130.0,451.0,835.2760449392022,585.0,818.1575562330246,317.0
0.0,365.070694848683,405.0,217.0,151.0,2.0,457.5394385077647,326.0,0.0,2.0
1.0,61.356639722991076,36.0,425.0,693.0,866.0,685.1004672624922,575.0,492.7048836709044,22.0
0.0,0.0,537.0,554.0,242.0,279.0,409.5635174057828,411.0,109.90174245517375,726.0
1.0,542.480505761387,79.0,175.0,772.0,649.0,733.4278216488576,765.0,470.2106725601979,817.0
1.0,365.9353065469145,776.0,980.0,639.0,637.0,350.05289204043834,44.0,504.831619635988,996.0
2.0,750.2785064868909,755.0,678.0,102.0,881.0,275.25787820393515,7.0,969.8042597637543,45.0
2.0,305.382943341448,992.0,328.0,70.0,700.0,470.3320927182675,127.0,304.4363540720285,922.0
2.0,215.66409525888417,685.0,580.0,756.0,337.0,773.0940898261772,216.0,850.2091810283913,23.0
2.0,515.040574161811,131.0,347.0,806.0,174.0,223.47120710353272,346.0,417.8343354205911,772.0
1.0,2.7997247056833836,770.0,113.0,100.0,311.0,721.1624252100182,523.0,134.96810700709165,311.0
2.0,864.6186940794938,309.0,604.0,916.0,44.0,1000.0,160.0,319.8247964104298,894.0
1.0,232.22637335481608,462.0,402.0,829.0,24.0,157.44005749966468,44.0,223.0250739653924,32.0
0.0,62.141422533133316,741.0,1.0,867.0,186.0,586.3633365805064,654.0,386.64251261972856,237.0
2.0,501.4382116923689,832.0,438.0,252.0,558.0,689.839941962157,188.0,392.3101345969601,297.0
2.0,188.7874468913786,146.0,564.0,516.0,26.0,304.5465371309106,571.0,787.4318191915272,76.0
0.0,0.0,734.0,224.0,756.0,332.0,0.0,734.0,525.0350549021375,485.0
1.0,3.9750904230690094,373.0,427.0,674.0,549.0,728.8859273066429,370.0,235.92305022281417,934.0
2.0,385.55948498858373,810.0,73.0,708.0,661.0,1000.0,749.0,121.43705716600603,626.0
0.0,359.1369724398014,122.0,691.0,382.0,94.0,159.37916394453532,299.0,0.0,731.0
2.0,387.81257513410577,22.0,201.0,311.0,937.0,0.0,478.0,896.7876670078875,670.0
2.0,386.55825071869987,410.0,384.0,41.0,479.0,1000.0,793.0,657.6074345683467,943.0
0.0,0.0,177.0,512.0,637.0,537.0,0.0,458.0,405.51011090385794,979.0
2.0,550.3202680319775,820.0,669.0,832.0,795.0,84.5408255835404,983.0,1000.0,855.0
0.0,0.0,533.0,323.0,998.0,618.0,250.97003016613616,498.0,388.8777690008949,361.0
0.0,452.75853237141325,694.0,365.0,412.0,39.0,0.0,678.0,307.2628306077142,645.0
0.0,133.15638344734856,634.0,458.0,875.0,174.0,0.0,184.0,315.66264076862154,278.0
1.0,123.01181991960698,780.0,119.0,571.0,676.0,507.17223797360396,277.0,465.68673960396353,240.0
2.0,1000.0,833.0,695.0,896.0,297.0,27.638620645346425,238.0,412.2336406637188,876.0
2.0,573.34738252229,849.0,767.0,97.0,328.0,470.11347282140025,653.0,486.39245267142036,599.0
1.0,383.71052754042074,423.0,793.0,420.0,18.0,458.1893771244322,478.0,398.2713273991895,601.0
2.0,520.0144016827378,608.0,40.0,702.0,336.0,732.0805665760738,771.0,486.79783406805,168.0
2.0,995.1707071161879,557.0,87.0,629.0,208.0,523.4023883715921,914.0,243.47164657574592,745.0
1.0,468.7220639130536,25.0,785.0,804.0,465.0,839.9594888734298,228.0,764.4424379530079,190.0
0.0,0.0,586.0,99.0,513.0,282.0,535.9962607898174,457.0,160.8189524555818,281.0
2.0,469.3900166673391,205.0,546.0,394.0,922.0,990.8358194383966,142.0,687.3242608149632,867.0
0.0,147.6524548744149,407.0,399.0,649.0,6.0,171.57292662883813,666.0,0.0,453.0
0.0,180.81561144522703,37.0,781.0,972.0,48.0,0.0,521.0,129.26552157864757,969.0
1.0,221.65112369864892,257.0,892.0,344.0,58.0,36.64382149538128,310.0,0.0,723.0
1.0,524.852247525898,462.0,859.0,323.0,703.0,892.2842476158452,276.0,348.7015148325117,184.0
2.0,579.2329837212324,908.0,112.0,189.0,623.0,596.7057187873273,91.0,481.16249041067704,426.0
1.0,439.1809201399441,269.0,998.0,472.0,222.0,259.7267391716149,523.0,0.0,258.0
2.0,7.982833858464302,101.0,669.0,321.0,235.0,786.9992478666059,539.0,651.3148869433518,711.0
0.0,348.3743883237984,336.0,239.0,422.0,400.0,0.0,747.0,0.0,837.0
0.0,0.0,327.0,571.0,476.0,591.0,317.6869848518673,800.0,36.0438496019128,749.0
1.0,410.7212653592061,980.0,438.0,816.0,461.0,0.2907751008117121,865.0,486.69001001438227,647.0
2.0,794.4546508372548,108.0,847.0,659.0,249.0,1000.0,232.0,245.41132182636326,287.0
0.0,24.853427747043376,7.0,10.0,13.0,894.0,0.0,200.0,317.6044833100932,190.0
2.0,327.03646748336917,574.0,278.0,19.0,511.0,235.27145944494706,630.0,396.6761939337632,856.0
0.0,428.2129335637488,479.0,457.0,115.0,549.0,81.67865293089933,592.0,0.0,293.0
1.0,259.97408102551816,589.0,161.0,478.0,435.0,90.67574486961865,796.0,100.95099519630031,656.0
2.0,699.1995564342661,580.0,486.0,45.0,283.0,474.26225371351075,365.0,453.8246655387344,978.0
0.0,34.66110908643517,34.0,277.0,867.0,937.0,77.30782185263851,585.0,122.5881842326119,579.0
0.0,309.8123752430371,139.0,604.0,1.0,643.0,0.0,870.0,0.0,824.0
2.0,647.8476993178721,635.0,15.0,976.0,514.0,571.7902323303459,846.0,910.7200631341967,904.0
1.0,436.82888305434483,463.0,344.0,624.0,494.0,0.0,334.0,288.4040020943555,629.0
2.0,549.362868222701,499.0,737.0,419.0,636.0,688.0943135599331,647.0,0.0,469.0
2.0,981.4839483510352,807.0,909.0,663.0,422.0,875.3786422146759,635.0,598.2237707775223,157.0
0.0,201.5009318824313,374.0,895.0,479.0,782.0,269.9707788193181,355.0,0.0,947.0
1.0,173.3613392917407,173.0,18.0,341.0,513.0,234.2912008774629,308.0,280.13190031916406,23.0
0.0,0.0,506.0,854.0,143.0,461.0,0.0,274.0,182.123819843908,812.0
2.0,504.5077344094151,500.0,212.0,930.0,516.0,887.7456469720688,0.0,505.4671212281084,609.0
0.0,0.0,885.0,893.0,504.0,963.0,427.7206239876341,778.0,0.0,662.0
2.0,732.4627527027137,283.0,749.0,599.0,694.0,759.0261052424773,890.0,640.1151386192627,428.0
0.0,0.0,140.0,535.0,486.0,81.0,174.08436702210392,359.0,0.0,191.0
0.0,367.3837257364341,536.0,701.0,217.0,74.0,441.1437206839048,10.0,31.39039942917591,392.0
0.0,0.0,568.0,220.0,36.0,8.0,216.91154521740563,373.0,17.590516926294775,828.0
1.0,0.0,871.0,976.0,342.0,807.0,445.80334464348283,718.0,530.5445963302594,9.0
0.0,683.6402249986351,71.0,854.0,297.0,165.0,0.0,764.0,0.0,574.0
0.0,449.76560294757587,193.0,290.0,652.0,102.0,246.05247501764057,204.0,297.0527088172388,396.0
1.0,12.539494118322956,822.0,952.0,599.0,257.0,401.67716987780796,226.0,170.87249575298267,33.0
2.0,858.0397022133913,822.0,454.0,349.0,520.0,441.80946825801243,254.0,999.7373842749018,323.0
0.0,320.98210292864763,451.0,50.0,145.0,837.0,8.11818693114648,855.0,6.865991296622764,396.0
0.0,0.0,93.0,363.0,258.0,694.0,234.11650902384326,232.0,0.0,906.0
0.0,634.0899979340045,905.0,488.0,900.0,802.0,0.0,51.0,0.0,67.0
2.0,846.7614310925017,152.0,820.0,278.0,359.0,1000.0,224.0,681.7627762625285,90.0
0.0,147.5095379021372,267.0,380.0,68.0,879.0,0.0,56.0,450.1449515887971,402.0
1.0,235.3949385154891,82.0,904.0,58.0,374.0,695.502790734401,898.0,439.59607634725467,576.0
2.0,898.0507537329615,825.0,46.0,510.0,187.0,319.7510348996785,227.0,438.80988914131643,85.0
0.0,472.3769928759435,865.0,337.0,410.0,343.0,0.0,852.0,228.54807657594964,267.0
2.0,0.0,119.0,878.0,129.0,845.0,847.7981812754128,328.0,869.8660668676789,639.0
2.0,240.47469971865092,251.0,121.0,88.0,981.0,277.84720196350037,908.0,373.7317277641762,807.0
1.0,771.5931806967375,642.0,949.0,589.0,993.0,106.0686792197526,734.0,495.3413139696997,516.0
0.0,0.0,686.0,801.0,108.0,430.0,209.69741081070484,71.0,473.1416427850975,274.0
0.0,0.0,711.0,357.0,274.0,19.0,12.847692740144527,673.0,133.62064924717882,386.0
2.0,608.467213489679,566.0,731.0,2.0,533.0,197.30156437141048,794.0,351.9400385270751,852.0
2.0,707.0145355523488,990.0,67.0,620.0,927.0,1000.0,570.0,429.90428892817687,859.0
1.0,0.0,103.0,282.0,563.0,372.0,344.42477735364935,329.0,135.38617805815636,585.0
1.0,354.3012593684714,336.0,503.0,175.0,598.0,269.28622337691695,846.0,0.0,480.0
0.0,0.0,550.0,511.0,527.0,441.0,0.0,824.0,82.36318299921298,73.0
1.0,0.0,191.0,802.0,854.0,623.0,298.28047561916145,742.0,575.1362934256949,77.0
1.0,349.4011848757256,221.0,41.0,132.0,768.0,0.0,170.0,307.9278436902631,577.0
1.0,116.68985433501449,406.0,841.0,877.0,621.0,12.222779023546106,493.0,62.46918189823565,547.0
2.0,1000.0,994.0,177.0,154.0,690.0,513.9070754393515,295.0,983.009136740681,390.0
0.0,157.43994706189295,927.0,402.0,103.0,929.0,0.0,159.0,717.1075401064096,873.0
2.0,451.50394772546815,940.0,151.0,201.0,884.0,43.845714861529665,721.0,779.0508288380768,301.0
1.0,21.63604243937613,393.0,812.0,157.0,864.0,25.607445390619144,140.0,434.7844929760791,411.0
0.0,264.3404343487801,339.0,217.0,223.0,316.0,554.7155049357585,204.0,77.81904545892024,311.0
0.0,62.143101044794086,838.0,547.0,399.0,682.0,347.8681030983452,984.0,0.0,523.0
1.0,0.0,920.0,491.0,354.0,220.0,118.64995511343385,236.0,0.0,429.0
0.0,0.0,264.0,116.0,31.0,386.0,0.0,973.0,0.0,949.0
2.0,370.642916667766,68.0,256.0,24.0,11.0,779.2643707700747,488.0,776.4916947149297,492.0
2.0,288.01539564701824,923.0,248.0,396.0,830.0,219.65847436823034,293.0,412.5029652588128,336.0
2.0,415.72826122193607,720.0,871.0,399.0,634.0,1000.0,181.0,624.6795732629668,788.0
0.0,175.51539808355804,940.0,937.0,442.0,960.0,126.18177627045078,42.0,0.0,185.0
2.0,397.8650766153758,654.0,375.0,376.0,571.0,605.5996869090819,681.0,327.0004657350095,902.0
0.0,327.131430640267,163.0,868.0,429.0,719.0,43.767278208101764,922.0,305.7609946468108,161.0
0.0,290.85973174937277,134.0,163.0,258.0,602.0,0.0,833.0,244.3527016639782,967.0
1.0,0.0,962.0,782.0,433.0,184.0,165.986464073223,105.0,142.28855682979116,507.0
1.0,309.6313813632843,26.0,977.0,670.0,35.0,280.253175547883,490.0,450.9707602939872,916.0
0.0,92.42252657864299,607.0,943.0,6.0,128.0,0.0,334.0,0.0,821.0
2.0,576.8913637113299,798.0,176.0,815.0,132.0,1000.0,408.0,631.780302776075,545.0
0.0,684.5407113300917,182.0,512.0,149.0,927.0,80.33017238163801,572.0,0.0,608.0
2.0,691.9887541457863,89.0,415.0,451.0,684.0,812.4432427875428,457.0,507.43148084737277,229.0
0.0,382.73436258855764,35.0,655.0,199.0,693.0,0.0,998.0,0.0,759.0
1.0,168.48637612633433,585.0,407.0,655.0,779.0,236.09409516259885,16.0,179.1465911368761,921.0
2.0,617.7703733520972,308.0,248.0,532.0,422.0,321.44682474955783,16.0,473.01894894922043,505.0
2.0,687.0422626175695,310.0,833.0,66.0,245.0,1000.0,125.0,186.5342572323644,663.0
2.0,557.2806715663331,505.0,763.0,877.0,414.0,770.0678922688692,230.0,887.3543699779407,496.0
1.0,284.69422981087314,892.0,197.0,525.0,83.0,452.1316586891616,497.0,0.0,108.0
0.0,0.0,59.0,415.0,418.0,828.0,1.3892923862218831,10.0,0.0,626.0
2.0,848.7404160028525,106.0,325.0,114.0,563.0,460.5633197911822,728.0,913.699528843104,198.0
0.0,35.55528611428924,156.0,630.0,354.0,803.0,0.0,546.0,345.44793584939526,241.0
2.0,926.9603885842325,518.0,552.0,611.0,903.0,450.0748779997955,968.0,443.8394116645923,971.0
0.0,414.70349791083544,884.0,433.0,837.0,665.0,89.1672590649816,211.0,194.3668766782222,851.0
1.0,226.589454300303,299.0,465.0,7.0,929.0,351.79670269949077,625.0,0.0,253.0
2.0,719.1393372920946,523.0,230.0,526.0,6.0,541.9038829776053,766.0,34.33533147103864,84.0
0.0,28.5902661708271,929.0,79.0,602.0,415.0,0.0,680.0,613.6085037523097,381.0
1.0,198.85379123530637,936.0,302.0,322.0,952.0,544.4685480540314,798.0,0.0,541.0
2.0,252.5608156317702,141.0,836.0,617.0,651.0,805.7589646531322,818.0,841.5453010939607,743.0
0.0,0.0,201.0,770.0,57.0,849.0,0.0,929.0,0.0,719.0
1.0,441.7461664416788,659.0,672.0,169.0,643.0,69.1359806660933,969.0,163.11899295723475,311.0
2.0,256.0912263622666,555.0,557.0,612.0,623.0,305.1901459715613,331.0,126.27063289891946,733.0
0.0,0.0,688.0,607.0,852.0,508.0,661.5525849925264,879.0,0.0,554.0
1.0,290.4085285913824,888.0,870.0,442.0,441.0,446.02761222990375,975.0,291.9204826803712,634.0
0.0,4.481972428114218,935.0,58.0,583.0,987.0,304.87699954247796,747.0,362.09665212858454,656.0
2.0,835.4636282782355,350.0,849.0,351.0,982.0,842.7140923275495,253.0,154.6697479243014,156.0
0.0,110.97029710119926,512.0,677.0,775.0,347.0,27.93069281398907,748.0,251.85694879645567,496.0
1.0,32.734651434969194,321.0,396.0,255.0,450.0,0.0,651.0,378.23665234032427,783.0
0.0,0.0,293.0,378.0,251.0,908.0,11.358091405815621,35.0,451.89732018931034,5.0
1.0,0.0,68.0,714.0,768.0,655.0,145.17557101063792,878.0,0.0,26.0
0.0,0.0,382.0,344.0,893.0,759.0,70.71840589178498,744.0,0.0,530.0
1.0,294.6103163529406,900.0,288.0,982.0,108.0,158.98479496079457,479.0,153.6710182444338,960.0
0.0,392.4899492544102,345.0,890.0,892.0,700.0,0.0,87.0,0.0,859.0
2.0,1000.0,322.0,905.0,91.0,173.0,638.1703803169811,585.0,260.51969919821323,951.0
2.0,348.66647248378524,105.0,464.0,998.0,412.0,628.2689415581382,140.0,724.2152190471544,803.0
2.0,510.50654390884836,251.0,993.0,702.0,685.0,673.9478332079162,482.0,1000.0,932.0
2.0,332.98993760199187,140.0,53.0,648.0,702.0,1000.0,518.0,968.9261155667605,742.0
1.0,0.0,199.0,427.0,635.0,40.0,0.0,86.0,418.4531051294109,610.0
2.0,475.1233519133546,932.0,621.0,317.0,737.0,373.2886928358352,189.0,556.6570328518311,224.0
1.0,39.00542183681016,629.0,240.0,623.0,794.0,80.51412142034278,774.0,347.3857521041446,264.0
2.0,220.45446154025078,986.0,956.0,45.0,913.0,917.5268462175891,772.0,107.07822949068586,417.0
2.0,32.03954998221671,379.0,340.0,66.0,662.0,917.5936206011022,967.0,655.5319120499595,451.0
2.0,385.6205975108276,641.0,708.0,800.0,438.0,665.7863455392438,386.0,165.97403278126964,318.0
2.0,78.73434214990594,859.0,426.0,129.0,428.0,752.584976959851,760.0,772.7222219095623,624.0
0.0,190.01768628213725,580.0,753.0,588.0,369.0,72.7783246610441,593.0,91.9134705626001,768.0
2.0,996.5138840113517,331.0,429.0,941.0,616.0,621.1296931153328,870.0,743.3778889203936,78.0
1.0,362.00866483628533,262.0,894.0,254.0,898.0,0.0,782.0,0.0,977.0
1.0,316.7112289049012,838.0,686.0,547.0,313.0,265.1763780136267,1.0,288.63668450171826,775.0
1.0,77.02588440525359,749.0,805.0,909.0,935.0,397.4625173234664,365.0,147.54671257278983,38.0
2.0,410.5684808156839,512.0,448.0,126.0,33.0,285.56545640717707,782.0,760.2660329877804,618.0
2.0,322.3707142860342,983.0,519.0,324.0,514.0,627.6967513610396,878.0,298.94493763632534,274.0
0.0,14.930249168719074,837.0,911.0,629.0,617.0,374.96718089377316,969.0,0.0,303.0
0.0,0.0,532.0,694.0,916.0,340.0,73.85946940295493,753.0,0.0,810.0
0.0,412.61271152824236,230.0,920.0,76.0,917.0,281.2147007378932,58.0,224.13417240976744,195.0
2.0,335.0587278553562,128.0,346.0,164.0,113.0,97.30881850736972,435.0,538.9820133270675,308.0
0.0,0.0,699.0,567.0,769.0,709.0,135.26726808207042,163.0,102.66770556661113,62.0
2.0,745.1074272602185,789.0,822.0,8.0,390.0,45.70595565608361,868.0,417.6181811231936,326.0
0.0,474.5336804652234,659.0,611.0,342.0,541.0,266.8052283424855,347.0,0.0,856.0
2.0,245.20986812332976,663.0,66.0,127.0,228.0,982.1089986933605,865.0,631.918144033807,178.0
1.0,419.9095356656047,159.0,303.0,589.0,444.0,546.2518523277678,558.0,0.0,678.0
2.0,729.7189041744427,988.0,869.0,429.0,374.0,877.4355117197069,818.0,811.3419014505254,308.0
2.0,319.9567378303985,132.0,857.0,961.0,433.0,511.1639288504934,482.0,95.96168275036209,72.0
2.0,342.8885088775025,912.0,815.0,374.0,396.0,1000.0,128.0,345.8115884574234,540.0
0.0,39.66219756289057,807.0,812.0,622.0,353.0,215.44869784735172,488.0,0.0,534.0
0.0,0.0,358.0,659.0,958.0,807.0,320.6285643160474,567.0,629.0347847778065,162.0
1.0,218.49178717439204,909.0,20.0,324.0,481.0,900.6160863412019,274.0,0.0,785.0
0.0,0.0,970.0,23.0,59.0,721.0,0.0,995.0,160.86906438811815,478.0
2.0,871.1416380190951,19.0,849.0,592.0,350.0,35.583466759074106,425.0,290.5506828431132,972.0
1.0,204.9777361994901,686.0,377.0,633.0,960.0,737.0996689997663,782.0,28.256978792614273,224.0
2.0,834.8083350374901,864.0,108.0,496.0,797.0,400.04042803089976,877.0,321.07935455875594,390.0
2.0,312.555634756203,828.0,323.0,63.0,440.0,655.1291425070932,69.0,929.9609057135691,629.0
2.0,1000.0,800.0,751.0,234.0,668.0,223.07651839131054,609.0,857.5775247748761,71.0
2.0,403.9160289863004,961.0,963.0,374.0,230.0,552.3804279377215,39.0,918.9438028507976,720.0
0.0,26.871087080538132,708.0,98.0,802.0,443.0,489.64659732658663,241.0,222.77639824897892,597.0
0.0,0.0,419.0,16.0,251.0,765.0,42.944089069107704,990.0,441.67055191123205,390.0
2.0,388.6335302262155,759.0,817.0,84.0,737.0,445.4832177639846,36.0,362.02872428499626,716.0
0.0,0.0,175.0,566.0,330.0,440.0,506.7197637473051,925.0,278.4243845827941,40.0
2.0,887.0843037524586,534.0,574.0,197.0,917.0,1000.0,451.0,374.90462549431146,188.0
1.0,40.355897780651034,352.0,126.0,228.0,641.0,530.490373267136,186.0,337.5858479176256,928.0
1.0,822.393527861268,404.0,650.0,520.0,352.0,147.0768814518206,996.0,670.5583282626978,518.0
2.0,1000.0,867.0,144.0,693.0,165.0,533.6929343568988,8.0,0.0,921.0
0.0,0.0,755.0,209.0,663.0,151.0,356.53385017970805,292.0,540.6744663077129,440.0
2.0,386.9952006264572,346.0,736.0,516.0,46.0,419.8291518420076,900.0,684.6618687163323,104.0
2.0,876.646128869274,177.0,803.0,946.0,733.0,470.09600839564405,956.0,731.5716137767561,810.0
0.0,0.0,640.0,155.0,441.0,632.0,0.0,763.0,409.72061033246626,525.0
1.0,0.0,939.0,207.0,742.0,370.0,339.0050953784763,727.0,0.0,744.0
1.0,0.0,574.0,903.0,928.0,312.0,0.0,194.0,743.1531637628578,613.0
1.0,197.2951350013545,47.0,201.0,927.0,517.0,0.0,532.0,487.9087929015733,341.0
1.0,415.0712815025183,130.0,144.0,580.0,62.0,582.9230202361107,570.0,120.64034403420763,749.0
2.0,885.2935718169672,230.0,508.0,56.0,362.0,535.5880573208607,620.0,418.62943277647554,992.0
1.0,307.9745778467164,359.0,328.0,444.0,842.0,498.24754295921167,409.0,85.8534716972414,90.0
1.0,978.774778420383,362.0,217.0,269.0,142.0,437.8850204233698,832.0,79.55302854088748,53.0
0.0,858.8319718949275,769.0,840.0,826.0,723.0,0.0,97.0,0.0,711.0
0.0,540.9684915326692,541.0,43.0,223.0,40.0,215.49554719809674,344.0,469.88245052999855,118.0
1.0,99.71352311456462,618.0,884.0,582.0,224.0,0.0,225.0,325.5829419952785,421.0
0.0,59.38682243892468,141.0,178.0,9.0,771.0,0.0,623.0,0.0,864.0
0.0,514.7015672688157,854.0,668.0,593.0,508.0,217.21393252641877,119.0,0.0,479.0
1.0,245.5964374814869,143.0,939.0,453.0,923.0,330.8308220953623,919.0,301.9797448126122,836.0
2.0,747.099807770643,25.0,27.0,343.0,655.0,569.2518549623857,453.0,768.3370407820042,613.0
1.0,641.6855374189294,52.0,46.0,752.0,799.0,525.093524294019,67.0,343.0378495629457,449.0
2.0,702.5391826161564,173.0,809.0,565.0,643.0,514.9144435335107,78.0,248.387123780603,524.0
1.0,690.2907536473049,110.0,564.0,337.0,137.0,524.2714217347552,914.0,238.05048936288904,593.0
2.0,0.0,572.0,164.0,396.0,87.0,593.3054119445161,901.0,843.8068148657676,685.0
0.0,83.18736319064655,323.0,363.0,873.0,907.0,196.6122909581787,257.0,0.0,603.0
2.0,784.9113098163978,338.0,50.0,904.0,886.0,694.0056590151812,884.0,857.8979396352047,477.0
2.0,425.68247734347466,231.0,243.0,302.0,985.0,857.2691653802281,756.0,210.89094321691596,836.0
1.0,444.9964207640879,291.0,230.0,447.0,833.0,183.19865797924746,232.0,156.77749445543208,103.0
2.0,410.0250490731219,748.0,242.0,369.0,25.0,0.0,894.0,764.5528649541145,220.0
0.0,202.70114302147263,760.0,970.0,98.0,365.0,0.0,259.0,0.0,741.0
1.0,0.0,107.0,881.0,491.0,956.0,439.8118232198542,662.0,404.7690486209478,661.0
0.0,269.90291558740176,11.0,433.0,991.0,164.0,0.0,796.0,237.17242607970422,293.0
2.0,843.1544188589988,810.0,744.0,662.0,284.0,231.45041355462658,578.0,583.1790818024191,262.0
2.0,925.6416554642768,291.0,841.0,207.0,945.0,562.1991355154435,146.0,471.9439181434357,437.0
0.0,474.572602489414,288.0,741.0,716.0,478.0,119.18159510633194,88.0,214.26321720570238,409.0
1.0,0.0,177.0,640.0,228.0,240.0,0.0,694.0,29.872805779150905,772.0
0.0,573.6756265699016,548.0,104.0,56.0,437.0,0.0,275.0,240.33714206752276,172.0
0.0,174.00503968171574,526.0,556.0,660.0,425.0,0.0,327.0,0.0,355.0
2.0,1000.0,201.0,67.0,436.0,836.0,693.7948337750098,519.0,1000.0,597.0
0.0,0.0,490.0,182.0,709.0,973.0,0.0,726.0,0.0,71.0
2.0,330.0793865585262,966.0,696.0,846.0,450.0,233.48343184167192,504.0,673.418842884061,797.0
1.0,262.70975100074486,551.0,768.0,232.0,944.0,115.856653317167,552.0,322.1738334981663,101.0
0.0,0.0,144.0,376.0,148.0,791.0,0.0,295.0,757.9095758239623,317.0
2.0,919.4502504460349,701.0,645.0,885.0,325.0,321.94282935358626,250.0,435.7653174534237,291.0
2.0,326.9223724333817,354.0,804.0,165.0,974.0,465.0503549678225,660.0,575.0905918405994,31.0
1.0,472.42261256739755,718.0,662.0,810.0,848.0,10.867377299852725,154.0,0.0,783.0
2.0,791.9781388010435,661.0,86.0,966.0,631.0,612.117929088186,322.0,607.0830793714331,433.0
0.0,392.89041477575495,505.0,472.0,199.0,986.0,0.0,83.0,133.43713739629956,207.0
1.0,364.53208363986795,811.0,117.0,496.0,660.0,386.6074689323692,539.0,484.4839500567879,922.0
0.0,174.5198783923478,523.0,467.0,137.0,965.0,406.2055109799372,903.0,338.3432321500018,297.0
1.0,49.132328629473506,509.0,100.0,296.0,170.0,0.0,189.0,961.681901888826,712.0
1.0,305.6553088079832,719.0,389.0,524.0,859.0,136.55588668496756,89.0,241.38985667674248,296.0
2.0,262.06286080050404,629.0,491.0,13.0,491.0,692.0924128876889,307.0,269.3727903245847,850.0
1.0,0.0,955.0,294.0,12.0,657.0,397.9238957076259,124.0,208.16487582262488,755.0
0.0,231.58500247596064,44.0,59.0,918.0,107.0,364.8899582342652,66.0,230.03224067191474,545.0
2.0,630.6083640277659,761.0,894.0,40.0,460.0,747.1156817134016,144.0,568.8266828901509,240.0
1.0,517.831608297856,274.0,5.0,755.0,321.0,137.99562640541888,663.0,1000.0,82.0
2.0,894.2589505002751,681.0,115.0,352.0,924.0,296.08911991158095,817.0,704.023019637306,754.0
1.0,185.4836030099145,213.0,862.0,844.0,820.0,344.38152232512925,746.0,0.0,493.0
2.0,799.315687550189,899.0,353.0,503.0,592.0,1000.0,55.0,691.0510260719941,837.0
2.0,984.1822602409397,64.0,668.0,244.0,536.0,324.6664555689428,385.0,703.9475315146698,74.0
0.0,0.0,165.0,526.0,666.0,134.0,420.40241557358934,732.0,338.2797026161672,109.0
0.0,247.69333864752153,143.0,885.0,278.0,642.0,341.00498135632347,453.0,0.0,65.0
0.0,48.7665175099601,366.0,845.0,246.0,248.0,0.0,578.0,639.8331697281836,327.0
2.0,450.03128365746073,469.0,627.0,31.0,252.0,685.1601159859282,487.0,670.1859096477158,351.0
2.0,556.5205591203342,487.0,9.0,956.0,564.0,190.99541233767124,609.0,928.4088978757846,219.0
2.0,922.8520977456864,47.0,177.0,607.0,187.0,542.2111006996979,255.0,607.6191992924295,582.0
1.0,299.6348935524305,614.0,755.0,823.0,83.0,237.92171350409646,530.0,436.7981563238522,668.0
0.0,212.05881554545425,512.0,890.0,881.0,476.0,0.0,925.0,0.0,351.0
2.0,141.5912817009548,339.0,607.0,304.0,366.0,564.0106904166822,428.0,493.05586888898125,7.0
0.0,15.123690422867305,30.0,597.0,168.0,734.0,193.6211690764015,533.0,496.8650100089952,297.0
2.0,162.6983747349367,832.0,343.0,929.0,611.0,166.48024689339104,815.0,287.2961120712811,174.0
1.0,0.0,910.0,88.0,153.0,404.0,768.3438691902143,567.0,0.0,198.0
1.0,121.42997477871705,379.0,542.0,676.0,781.0,144.460206941614,284.0,190.08233045590168,87.0
1.0,352.37131952024185,199.0,682.0,514.0,948.0,0.0,717.0,1000.0,433.0
0.0,682.7237485869414,265.0,544.0,73.0,321.0,0.0,408.0,0.0,977.0
2.0,477.47038651964147,967.0,231.0,931.0,297.0,468.1232158017545,222.0,80.02185331587198,789.0
0.0,37.71030359327486,107.0,459.0,804.0,273.0,363.779324080939,877.0,328.0434688546055,774.0
2.0,1000.0,287.0,636.0,788.0,698.0,1000.0,9.0,678.8008652628961,270.0
0.0,0.0,271.0,368.0,282.0,906.0,88.36895704681201,284.0,0.0,972.0
1.0,773.7350465027648,239.0,698.0,372.0,341.0,130.54964128695107,417.0,0.0,911.0
0.0,0.0,887.0,731.0,473.0,230.0,727.3381801661358,19.0,0.0,513.0
1.0,311.70115720700613,130.0,890.0,431.0,474.0,609.2656154864861,989.0,106.60415694579156,647.0
1.0,494.10471401873554,304.0,261.0,11.0,73.0,0.0,4.0,210.25352071744382,144.0
0.0,0.0,95.0,854.0,93.0,688.0,0.0,983.0,41.492691772252556,499.0
0.0,504.8669455855756,162.0,105.0,171.0,159.0,368.92499346885864,337.0,0.0,981.0
0.0,0.0,671.0,877.0,136.0,460.0,0.0,496.0,0.0,65.0
1.0,371.7783830341936,524.0,552.0,986.0,137.0,340.93649806436775,979.0,305.58496249320234,805.0
1.0,151.15367107460764,312.0,219.0,799.0,574.0,0.0,689.0,65.71917711370212,541.0
1.0,540.3967567956518,501.0,442.0,149.0,669.0,699.7037464923951,886.0,0.0,556.0
1.0,228.39960753957754,936.0,448.0,915.0,282.0,707.6648444231562,528.0,376.6298561732793,42.0
0.0,679.7689439603835,4.0,303.0,504.0,93.0,0.0,7.0,207.1625936577205,888.0
2.0,1000.0,140.0,964.0,503.0,480.0,1000.0,26.0,494.72675152674856,429.0
1.0,144.26431251148787,818.0,423.0,6.0,885.0,229.64263070398803,845.0,49.15320540369672,942.0
0.0,0.0,927.0,860.0,880.0,678.0,404.2744735526551,328.0,0.0,939.0
1.0,136.20180467911973,114.0,673.0,410.0,747.0,145.40126696303312,356.0,111.20562349949692,639.0
0.0,0.0,21.0,237.0,246.0,381.0,0.0,58.0,0.0,184.0
2.0,486.99869668177536,195.0,139.0,989.0,304.0,864.2776370346804,29.0,70.3723801014836,807.0
0.0,0.0,141.0,658.0,7.0,593.0,0.0,475.0,401.7147127070954,477.0
1.0,693.8995174818509,491.0,615.0,733.0,705.0,71.45861245640859,151.0,76.39023250935352,228.0
0.0,224.0947884255221,507.0,713.0,268.0,936.0,266.64637235637724,772.0,260.0157085523985,731.0
0.0,30.89810035942476,937.0,178.0,749.0,955.0,239.60615021496372,299.0,147.68329846557918,85.0
0.0,18.942986726028415,724.0,402.0,997.0,854.0,0.0,528.0,106.86914938139242,827.0
0.0,535.1555610385439,271.0,685.0,204.0,56.0,0.0,873.0,119.57276354619404,208.0
1.0,466.2050801418206,309.0,155.0,711.0,61.0,0.0,212.0,190.9473359136147,692.0
1.0,199.17241819149447,454.0,116.0,961.0,392.0,168.0854409536292,512.0,835.5933079390536,442.0
2.0,933.7038829237639,88.0,181.0,990.0,732.0,966.654348685993,612.0,545.4512874819876,897.0
2.0,876.8690568338286,190.0,312.0,568.0,591.0,620.2813501204287,864.0,749.9807617660058,56.0
2.0,984.7538944624973,116.0,570.0,877.0,724.0,205.51682081593003,460.0,133.56509777106388,678.0
2.0,307.98647451781346,377.0,107.0,149.0,930.0,586.0910391952353,40.0,476.99443710655845,706.0
1.0,726.2654887592855,587.0,273.0,733.0,849.0,250.6810408383098,780.0,420.564653654047,715.0
0.0,0.0,629.0,463.0,563.0,62.0,0.0,229.0,0.0,117.0
0.0,0.0,283.0,851.0,787.0,604.0,145.48426911375267,406.0,55.03880625455405,222.0
0.0,0.0,934.0,184.0,873.0,336.0,389.0420985474946,778.0,30.252395832411185,325.0
1.0,79.86398477219996,258.0,514.0,371.0,664.0,477.5640470869643,834.0,0.0,97.0
2.0,820.7061281331407,128.0,441.0,803.0,269.0,231.91774543523204,96.0,97.23790838133219,380.0
1.0,184.25078139541424,112.0,957.0,99.0,446.0,557.5101314456474,196.0,375.8975441058642,631.0
0.0,155.67001196382026,252.0,728.0,900.0,620.0,158.89057990438263,575.0,0.0,486.0
1.0,0.0,520.0,719.0,599.0,170.0,0.0,111.0,255.73881474180766,983.0
0.0,98.12896556572115,134.0,51.0,772.0,872.0,57.491896090879095,615.0,0.0,399.0
0.0,0.0,514.0,800.0,247.0,913.0,23.69865345450816,47.0,123.12734542708688,585.0
1.0,200.16255260719282,852.0,162.0,118.0,707.0,19.452458808307032,385.0,317.22598388197264,995.0
0.0,0.0,309.0,578.0,740.0,227.0,325.85633553751285,939.0,291.2859822253891,581.0
2.0,189.00593257477442,123.0,518.0,410.0,157.0,254.84247018687012,9.0,724.1439650979923,798.0
0.0,55.46241993812729,83.0,744.0,43.0,386.0,0.0,597.0,186.18526962841793,845.0
2.0,8.007849442009505,547.0,581.0,767.0,115.0,436.5754930369082,906.0,212.06484644498246,613.0
0.0,0.0,170.0,424.0,642.0,696.0,468.83443381106514,450.0,414.5774370466885,326.0
0.0,0.0,405.0,705.0,260.0,322.0,565.9041570141812,814.0,0.0,660.0
1.0,566.2209753160238,471.0,317.0,920.0,939.0,590.521847317173,292.0,572.2583419744326,284.0
1.0,340.92280448679395,990.0,205.0,223.0,494.0,698.6092714143048,16.0,19.095560853620476,734.0
2.0,700.8985489868771,449.0,805.0,556.0,173.0,460.5486168897479,970.0,535.3293575620751,715.0
1.0,155.22347578471485,865.0,776.0,822.0,986.0,394.4631410330152,667.0,755.2504138036109,441.0
1.0,559.4318174423814,128.0,138.0,990.0,327.0,55.294179581632214,265.0,0.0,770.0
2.0,885.640565430188,925.0,115.0,130.0,372.0,197.89734454043094,676.0,127.48453994202282,250.0
0.0,143.24168984167179,322.0,295.0,162.0,198.0,752.5708269087612,555.0,493.0271806329073,552.0
1.0,0.0,493.0,773.0,121.0,238.0,630.213802570755,448.0,588.8459338654372,796.0
0.0,0.0,963.0,219.0,885.0,465.0,152.43853883445018,275.0,572.4552658587472,843.0
1.0,245.28976079880263,297.0,695.0,693.0,564.0,306.6395549993059,571.0,233.3892306266978,270.0
0.0,136.2116536830986,509.0,907.0,474.0,155.0,39.41600950750157,763.0,357.39991666038077,933.0
1.0,0.0,518.0,729.0,170.0,808.0,0.0,390.0,0.0,229.0
0.0,412.1707741772864,222.0,982.0,496.0,669.0,67.52010481577175,309.0,0.0,820.0
2.0,0.0,944.0,510.0,354.0,595.0,596.6062706451376,734.0,731.6130482729542,318.0
1.0,163.78335441498209,896.0,91.0,894.0,142.0,788.2288857794681,100.0,367.3405814632836,869.0
0.0,23.453884690487264,541.0,385.0,400.0,276.0,199.85799618132455,957.0,365.6162948849003,40.0
0.0,529.6235905147443,398.0,230.0,567.0,475.0,170.4416163020276,615.0,210.64213988456507,158.0
1.0,534.290563973701,118.0,599.0,322.0,195.0,446.265728476153,93.0,157.95478822298162,571.0
2.0,331.99738351810066,882.0,647.0,0.0,570.0,496.7784303177358,652.0,405.98140353476845,291.0
0.0,743.5871152941277,821.0,174.0,744.0,829.0,319.52287476419644,443.0,0.0,404.0
0.0,334.64414877533835,451.0,749.0,530.0,888.0,0.0,206.0,0.0,122.0
2.0,453.30621614050074,390.0,74.0,59.0,733.0,368.02186422243625,607.0,1000.0,610.0
2.0,322.0315490322413,567.0,299.0,356.0,792.0,855.9669094855594,97.0,561.7625198748916,7.0
0.0,67.0311957496967,294.0,916.0,797.0,750.0,476.66554258730855,823.0,542.0179289626712,426.0
0.0,179.5996906931693,926.0,970.0,65.0,421.0,52.164730202822675,788.0,286.0241749770617,260.0
2.0,1000.0,318.0,549.0,924.0,635.0,753.1684265681491,181.0,173.25458172319043,446.0
2.0,805.4220682675058,137.0,89.0,92.0,135.0,46.23785082613121,587.0,1000.0,980.0
0.0,175.01505219907,887.0,614.0,347.0,62.0,0.0,622.0,187.9162670153434,902.0
2.0,547.524815444897,220.0,990.0,152.0,612.0,632.1403604528633,280.0,206.24123276746852,750.0
0.0,0.0,665.0,349.0,214.0,372.0,0.0,26.0,0.0,113.0
2.0,765.0002868095854,891.0,494.0,278.0,919.0,1000.0,993.0,696.2209992767143,397.0
2.0,447.8733219614903,378.0,161.0,179.0,746.0,331.9260216421278,826.0,759.8166447550873,959.0
1.0,27.574939359476552,466.0,952.0,225.0,96.0,405.6286543777255,473.0,0.0,882.0
1.0,0.0,817.0,595.0,551.0,533.0,122.84998782329252,787.0,59.133625104642505,608.0
2.0,609.9636074572411,420.0,746.0,274.0,991.0,527.5391020758107,545.0,329.98191889408656,11.0
2.0,523.8765812491953,889.0,629.0,113.0,239.0,407.8432101326446,824.0,891.9300201756378,509.0
1.0,118.72624811614257,570.0,402.0,972.0,55.0,105.58877496708251,585.0,567.9551636716918,156.0
1.0,279.135574459947,296.0,714.0,424.0,980.0,606.833565100252,421.0,146.6135702539149,188.0
1.0,490.6984735743497,377.0,724.0,820.0,909.0,17.348010633229446,296.0,259.93328656114204,439.0
1.0,312.12067301072364,242.0,107.0,67.0,121.0,250.58148384828215,686.0,0.0,218.0
2.0,679.5067078239354,147.0,152.0,743.0,571.0,421.82228212509193,723.0,494.707003099432,957.0
2.0,847.586996676395,180.0,37.0,911.0,302.0,0.0,869.0,375.7810874556496,293.0
1.0,235.2179442053872,810.0,563.0,546.0,100.0,182.35564199850575,372.0,811.2396673714687,577.0
0.0,172.53371716056077,497.0,790.0,711.0,1000.0,0.0,979.0,247.58542132252396,291.0
1.0,305.4856497154415,746.0,57.0,869.0,545.0,299.41035948029696,577.0,0.0,82.0
1.0,410.0064090639404,776.0,666.0,624.0,181.0,0.0,433.0,557.4463728705682,836.0
2.0,637.2943520167179,316.0,418.0,345.0,417.0,573.8433029158344,894.0,580.598502661628,539.0
1.0,671.3998773307137,396.0,756.0,644.0,593.0,158.8794655481484,937.0,0.29602972532892724,4.0
2.0,538.7769034688247,746.0,964.0,1.0,826.0,260.9654764179816,731.0,912.2703529144532,564.0
0.0,106.92881720364646,226.0,485.0,355.0,866.0,136.45143082864115,680.0,148.40842018976647,800.0
0.0,135.17407256595297,663.0,825.0,871.0,983.0,226.5994607321502,552.0,422.88642919766426,743.0
2.0,182.04035061931046,517.0,590.0,303.0,427.0,751.2609806258316,341.0,766.2584243418504,582.0
1.0,118.37771442424682,896.0,838.0,602.0,402.0,0.0,612.0,662.8121324609328,88.0
2.0,66.85006302566983,249.0,884.0,432.0,7.0,949.1504745347995,49.0,0.0,614.0
2.0,316.14483284901286,454.0,247.0,97.0,765.0,520.8965826263266,968.0,201.23867406433718,222.0
2.0,772.9115285468878,632.0,732.0,987.0,286.0,630.8978188519154,876.0,491.9336944943979,942.0
0.0,832.2607194204579,847.0,977.0,529.0,242.0,521.500306541129,427.0,265.84102175306987,25.0
1.0,664.6488483750001,946.0,494.0,670.0,602.0,99.38633512125107,792.0,297.7621729627539,977.0
2.0,766.7052018467074,251.0,972.0,910.0,102.0,550.4177205118181,2.0,915.5107236997906,572.0
2.0,815.3863146468378,125.0,711.0,782.0,530.0,945.1357268663363,23.0,280.1327321118314,1000.0
0.0,0.0,639.0,283.0,581.0,318.0,0.0,15.0,536.5902722252268,874.0
1.0,49.82273083459633,719.0,179.0,661.0,100.0,154.7878074465258,628.0,0.0,830.0
0.0,288.5537146514856,799.0,333.0,154.0,795.0,0.0,759.0,0.0,52.0
0.0,173.2925054340834,397.0,335.0,823.0,954.0,163.7290051468436,467.0,0.0,968.0
0.0,373.97682129306037,504.0,340.0,28.0,845.0,0.0,821.0,191.3256870447804,921.0
0.0,0.0,499.0,64.0,27.0,867.0,0.0,652.0,0.0,415.0
0.0,68.1990582993496,521.0,615.0,675.0,699.0,0.44331149253720536,171.0,605.9608654308615,84.0
2.0,684.7686791492946,864.0,966.0,645.0,379.0,773.2310800785524,306.0,384.9166662320207,114.0
1.0,164.84927173033182,313.0,355.0,385.0,707.0,247.68122493292202,100.0,0.0,47.0
1.0,35.43032896924603,963.0,954.0,882.0,623.0,439.47496933273544,966.0,132.38176162771632,298.0
0.0,221.40113639611883,259.0,525.0,380.0,592.0,148.89645611447145,198.0,0.0,466.0
1.0,477.1015732552471,227.0,118.0,487.0,410.0,369.77953470383596,706.0,481.1358943160943,211.0
1.0,355.54342916976066,489.0,242.0,229.0,321.0,566.8662988547788,991.0,345.19235491712516,537.0
0.0,432.6547343687866,847.0,608.0,539.0,39.0,0.0,803.0,0.0,15.0
0.0,50.14657599750822,296.0,449.0,253.0,118.0,0.0,704.0,371.0474560196147,438.0
1.0,175.85626580079975,144.0,28.0,562.0,764.0,182.29916642937113,690.0,388.493649274222,22.0
2.0,492.8369305776741,622.0,755.0,832.0,589.0,0.0,918.0,411.1183100926373,242.0
0.0,13.245387227195648,965.0,385.0,813.0,358.0,0.0,677.0,0.0,885.0
0.0,0.0,823.0,949.0,108.0,470.0,85.19502961429215,211.0,385.41317378107414,790.0
1.0,1000.0,723.0,884.0,300.0,262.0,364.7429178197421,34.0,2.7597095941429397,469.0
0.0,436.219284804287,242.0,478.0,299.0,583.0,0.0,346.0,62.42556752043373,747.0
1.0,466.13622098222373,131.0,353.0,900.0,444.0,333.24187139991614,324.0,814.0555480229788,826.0
1.0,0.0,866.0,337.0,865.0,366.0,381.2917379714703,473.0,159.1310457361823,24.0
0.0,187.2186900686116,85.0,521.0,235.0,704.0,144.5301600061778,904.0,363.1436073910455,571.0
1.0,0.0,662.0,166.0,911.0,425.0,0.0,212.0,608.1281254738188,916.0
2.0,587.4857790208433,719.0,153.0,630.0,562.0,680.3090323422617,893.0,550.3937797343659,683.0
0.0,0.0,248.0,739.0,301.0,871.0,226.77659733894944,528.0,248.41024123551105,231.0
2.0,614.6314587881809,424.0,466.0,439.0,237.0,208.25807649484494,400.0,424.6951233865183,527.0
1.0,0.0,679.0,415.0,468.0,339.0,324.02617895343474,794.0,635.4004872567748,566.0
1.0,689.4544323714566,928.0,328.0,380.0,686.0,595.9635039825225,710.0,566.1682788724984,511.0
0.0,413.31042613679466,148.0,322.0,61.0,643.0,259.11072314815345,140.0,124.90486422660095,664.0
1.0,0.0,539.0,683.0,873.0,54.0,359.3413921372962,999.0,0.0,207.0
2.0,198.80757548918947,388.0,611.0,790.0,967.0,359.8909097098509,5.0,794.8218449615578,443.0
2.0,551.7636508974855,651.0,673.0,237.0,29.0,692.704439058983,799.0,727.4301786152483,299.0
2.0,782.4937812731471,760.0,227.0,568.0,222.0,257.32024911421837,136.0,955.9490198166029,465.0
2.0,143.10598461323792,835.0,167.0,637.0,837.0,886.5129490645273,418.0,949.0124286213783,533.0
0.0,321.98551147861764,163.0,123.0,219.0,851.0,138.48071893387376,275.0,264.609908440794,61.0
2.0,664.8301216016744,440.0,335.0,787.0,844.0,626.7645440315058,942.0,428.96250167278805,604.0
2.0,697.8536187552643,735.0,466.0,519.0,522.0,886.7725397076807,694.0,0.0,391.0
0.0,107.17901359591488,843.0,968.0,693.0,116.0,0.0,515.0,74.04948443366791,631.0
0.0,0.0,404.0,190.0,164.0,542.0,521.3880021323141,92.0,0.0,64.0
2.0,684.8877961102539,35.0,748.0,954.0,893.0,444.31336194823984,698.0,962.7809549983801,914.0
2.0,668.3331696570135,46.0,210.0,350.0,864.0,312.6054944732778,80.0,744.339595410539,748.0
2.0,611.3351946809566,340.0,600.0,170.0,371.0,469.0834150480045,850.0,696.7305616265013,453.0
0.0,144.38006308477821,924.0,192.0,238.0,782.0,116.22678502535479,789.0,375.79416971152557,575.0
0.0,101.87661559561711,309.0,801.0,498.0,699.0,0.0,601.0,0.0,637.0
1.0,278.7372495810419,635.0,62.0,789.0,330.0,674.7793140311869,809.0,316.6407923070728,614.0
1.0,390.37006184569765,921.0,161.0,426.0,800.0,179.1435206851844,539.0,314.0877917039907,217.0
0.0,91.12338664500103,225.0,36.0,527.0,502.0,231.46865098174996,412.0,381.1512193008532,981.0
2.0,1000.0,539.0,274.0,323.0,304.0,899.0793587799449,847.0,0.0,678.0
2.0,854.2627281497519,129.0,678.0,379.0,666.0,504.6277431281492,859.0,1000.0,873.0
0.0,0.0,73.0,405.0,414.0,908.0,128.50768743704563,676.0,95.95345256427116,251.0
0.0,161.62058919744044,835.0,58.0,687.0,905.0,0.0,144.0,832.7749156645245,17.0
1.0,0.0,141.0,908.0,909.0,994.0,79.3273340862911,33.0,406.82299508937075,162.0
0.0,15.124756177606754,5.0,313.0,27.0,58.0,0.0,407.0,421.60532336762975,437.0
2.0,105.88998514804433,107.0,534.0,302.0,263.0,810.8245380537625,580.0,367.02699652911184,373.0
1.0,428.8786098494562,526.0,101.0,219.0,505.0,162.06882569648306,776.0,386.50269484664227,170.0
1.0,335.80025778140424,711.0,911.0,10.0,972.0,30.67898992425085,480.0,900.3985954481359,824.0
1.0,809.5453086151363,313.0,309.0,476.0,342.0,202.02059539340706,91.0,153.84930627753488,17.0
1.0,393.22574709749006,974.0,98.0,887.0,494.0,150.8945693287604,194.0,232.39922957316992,195.0
1.0,0.0,1000.0,721.0,985.0,64.0,582.845215591707,716.0,0.0,735.0
0.0,0.0,830.0,658.0,921.0,931.0,0.0,843.0,599.6995387154044,364.0
1.0,194.2669624963517,697.0,224.0,753.0,146.0,241.2650413820751,779.0,433.1520340371362,181.0
0.0,205.8626832957049,437.0,749.0,454.0,413.0,304.8495497166391,473.0,0.0,715.0
2.0,830.5310472866877,901.0,233.0,253.0,503.0,225.9879503786035,10.0,1000.0,840.0
1.0,0.0,519.0,736.0,485.0,549.0,457.673101674298,66.0,362.569875747693,859.0
2.0,631.5057242950382,968.0,379.0,666.0,981.0,192.79840463242593,732.0,415.3273620202867,520.0
2.0,885.0160465291126,104.0,371.0,605.0,232.0,736.9263359620525,364.0,215.39885806390635,623.0
0.0,144.3821050615993,177.0,729.0,692.0,343.0,312.55587086482865,540.0,0.0,598.0
2.0,694.939071096029,156.0,935.0,853.0,111.0,252.9472616185689,805.0,487.7330821631498,389.0
2.0,357.90119637341473,473.0,734.0,486.0,902.0,1000.0,413.0,665.4315566809522,704.0
0.0,0.0,576.0,88.0,5.0,518.0,674.5267189197576,75.0,0.0,938.0
2.0,1000.0,226.0,745.0,760.0,635.0,0.0,927.0,566.4221630669119,141.0
2.0,752.5359875624493,476.0,696.0,480.0,273.0,301.25018377933196,470.0,743.5061230092458,857.0
2.0,306.2162339169955,708.0,65.0,824.0,685.0,620.2221381489597,552.0,729.3243174215056,752.0
0.0,595.9037487684894,219.0,801.0,167.0,856.0,287.1902699775387,441.0,0.0,122.0
0.0,72.94344235629748,58.0,279.0,61.0,251.0,679.9494135106979,105.0,533.5444849697661,896.0
1.0,0.0,577.0,526.0,120.0,19.0,622.8166009793432,225.0,415.0792774505765,432.0
1.0,508.1954116254818,343.0,808.0,797.0,181.0,118.15282877060686,936.0,502.737395871506,670.0
0.0,0.0,915.0,336.0,18.0,223.0,255.6611567648012,935.0,0.0,863.0
0.0,0.0,208.0,815.0,958.0,558.0,382.017701278675,491.0,439.98607023678574,938.0
2.0,370.72983661980965,751.0,392.0,695.0,489.0,151.98628679043,54.0,0.0,112.0
1.0,0.0,871.0,174.0,264.0,385.0,128.98311192912035,537.0,5.180033936209779,608.0
0.0,206.5724023229238,637.0,837.0,82.0,610.0,0.0,675.0,102.9347464657729,437.0
0.0,0.0,834.0,371.0,65.0,774.0,0.0,51.0,337.33777063497763,652.0
0.0,188.2472778901559,674.0,2.0,499.0,13.0,94.42134367273441,972.0,0.0,726.0
2.0,518.7521368394666,451.0,673.0,824.0,750.0,266.9789854343887,963.0,537.000780856967,200.0
0.0,0.0,972.0,946.0,646.0,547.0,419.2567290466635,46.0,90.9102856733729,530.0
0.0,0.0,652.0,681.0,721.0,569.0,140.54585476595392,885.0,0.0,45.0
2.0,701.1205035090817,944.0,786.0,802.0,22.0,0.0,808.0,892.3112115152499,319.0
1.0,0.0,827.0,910.0,295.0,180.0,0.0,616.0,305.1464042880179,896.0
0.0,426.56496384923975,525.0,83.0,643.0,110.0,322.30933648089564,392.0,840.6008150662373,632.0
2.0,777.238018240064,403.0,666.0,127.0,817.0,502.9374929107904,331.0,743.6823921599185,219.0
2.0,638.8157918917989,240.0,239.0,940.0,122.0,68.61798212239897,235.0,904.8011076794826,222.0
2.0,154.4410748399576,859.0,703.0,567.0,206.0,914.2174832303963,248.0,717.5424762991026,365.0
2.0,584.2034100192587,245.0,265.0,374.0,201.0,437.0847062105284,505.0,531.7211116987819,603.0
1.0,405.0845439371817,403.0,189.0,538.0,862.0,196.48687072247262,135.0,600.1652449014524,536.0
2.0,552.3396246214354,682.0,567.0,744.0,138.0,438.0707404029302,833.0,1000.0,507.0
1.0,59.51245158703707,6.0,113.0,647.0,297.0,674.9075364887586,138.0,253.1686036509395,147.0
0.0,29.869627913062047,698.0,859.0,729.0,972.0,0.0,471.0,0.0,529.0
2.0,559.8988864722729,224.0,845.0,252.0,400.0,127.73324840335569,603.0,568.7609247179635,394.0
2.0,476.5778849247,248.0,912.0,150.0,393.0,0.0,647.0,863.1320139051398,664.0
0.0,257.99250271535334,413.0,558.0,651.0,98.0,0.0,655.0,224.8861301756485,218.0
1.0,166.49055294951947,102.0,121.0,375.0,723.0,455.2724783273585,540.0,0.0,474.0
1.0,137.58948536520774,672.0,191.0,886.0,970.0,0.0,662.0,0.0,846.0
0.0,94.80337169615579,4.0,989.0,764.0,575.0,0.0,609.0,546.063414652701,165.0
1.0,56.48043084684173,782.0,892.0,700.0,363.0,223.5559693055948,941.0,318.27642094096046,539.0
1.0,480.71161337041656,436.0,414.0,93.0,229.0,477.01428487046513,479.0,128.19917429782188,786.0
0.0,191.68922465533416,625.0,922.0,458.0,866.0,0.0,417.0,0.0,249.0
2.0,187.0293519696863,688.0,432.0,849.0,11.0,546.0034053797287,402.0,637.5085331221425,311.0
2.0,508.32365278148194,415.0,589.0,335.0,457.0,0.0,748.0,677.6206662189527,514.0
0.0,0.0,650.0,3.0,279.0,534.0,157.1418762496843,882.0,434.12203715459503,999.0
2.0,27.24665395059314,261.0,941.0,817.0,137.0,392.6609852890462,996.0,672.8062925147633,997.0
2.0,314.73761383284153,885.0,595.0,697.0,675.0,590.3203967854055,105.0,405.93849409512325,357.0
2.0,255.34853114517756,719.0,799.0,275.0,510.0,209.87129814121704,120.0,391.78857546667206,435.0
0.0,0.0,396.0,660.0,267.0,630.0,684.4782346400971,508.0,0.0,617.0
1.0,541.1066655294454,133.0,987.0,396.0,44.0,220.70393485221655,600.0,263.2033020765896,904.0
2.0,924.6277244758714,331.0,302.0,903.0,272.0,1000.0,716.0,207.20179103782922,308.0
1.0,0.0,851.0,237.0,708.0,24.0,250.27209693570822,822.0,298.39103863734937,819.0
1.0,479.7344777066872,850.0,986.0,942.0,186.0,573.7684413129446,961.0,107.58794105016369,526.0
2.0,571.263323935772,285.0,832.0,378.0,877.0,530.3365938987446,773.0,611.8925787995754,130.0
1.0,632.3952409926019,163.0,709.0,216.0,992.0,421.4381626067853,887.0,256.7748652896885,158.0
1.0,351.7567574429596,703.0,41.0,303.0,393.0,211.7358478601315,28.0,451.76421916594626,805.0
2.0,729.7856510199457,872.0,739.0,15.0,600.0,804.1133452020963,8.0,0.0,491.0
0.0,0.0,476.0,496.0,76.0,717.0,233.54776815713214,246.0,0.0,961.0
2.0,345.6744231137595,526.0,647.0,478.0,800.0,1000.0,848.0,337.70342886576384,463.0
2.0,246.3089804173474,550.0,785.0,890.0,331.0,397.1741013015448,646.0,323.9046407031234,599.0
0.0,318.1339729091106,50.0,460.0,117.0,810.0,0.0,164.0,0.0,973.0
2.0,1000.0,934.0,913.0,320.0,18.0,0.0,2.0,506.5261146600242,772.0
1.0,604.1045557774391,437.0,750.0,693.0,377.0,503.32920005885745,822.0,576.7515508220532,441.0
1.0,535.1036868655955,110.0,415.0,326.0,132.0,0.0,920.0,418.8725255647872,356.0
1.0,0.0,738.0,927.0,121.0,493.0,0.0,426.0,458.3728751982234,849.0
0.0,258.256953281787,846.0,177.0,4.0,218.0,647.6856471299906,723.0,0.0,351.0
0.0,111.04369740499438,333.0,256.0,800.0,3.0,99.35670112906125,51.0,33.94904967229372,806.0
1.0,391.9638096439079,495.0,286.0,973.0,243.0,499.4112854743637,924.0,0.0,367.0
2.0,487.23283452060815,657.0,260.0,452.0,839.0,417.5389305029641,941.0,308.3473768126744,578.0
1.0,2.7581002311690437,144.0,422.0,773.0,479.0,49.122733729628976,89.0,0.0,932.0
1.0,361.2839404393597,326.0,808.0,553.0,233.0,718.5682514689515,271.0,0.0,335.0
1.0,238.76121263438537,393.0,124.0,202.0,405.0,13.115243344627858,194.0,802.6271868008248,955.0
0.0,569.3542122190087,992.0,200.0,983.0,369.0,0.0,112.0,181.3806049381247,366.0
1.0,470.8361630701106,708.0,676.0,364.0,137.0,0.0,576.0,701.8234655986056,787.0
1.0,527.3473646327187,8.0,737.0,461.0,194.0,460.8686559112128,274.0,396.17879453072635,338.0
2.0,68.40302400198527,971.0,318.0,994.0,401.0,372.4337861571508,443.0,309.5378647486995,174.0
0.0,0.0,117.0,424.0,512.0,87.0,0.0,422.0,9.39075447402177,842.0
0.0,527.2731766693129,817.0,34.0,72.0,326.0,0.0,857.0,863.5311286491658,702.0
1.0,189.51654238128214,642.0,41.0,829.0,266.0,264.74003380540773,678.0,102.40603654214785,277.0
1.0,627.8517951415959,497.0,157.0,120.0,436.0,102.75321241330352,136.0,530.6971071899957,798.0
0.0,0.0,997.0,214.0,868.0,49.0,497.8069833450017,276.0,0.0,7.0
0.0,469.8083813250947,569.0,68.0,964.0,972.0,0.0,652.0,102.17782202356716,439.0
1.0,0.0,680.0,241.0,533.0,353.0,633.3618316431424,768.0,0.0,106.0
2.0,276.3302735200942,245.0,92.0,98.0,904.0,241.5311306643138,991.0,483.5008196902683,935.0
2.0,407.9359381644921,499.0,703.0,719.0,236.0,395.2223562815248,705.0,75.3176227577318,1000.0
1.0,641.7051157943134,636.0,536.0,471.0,446.0,826.6332709331093,560.0,225.25034386576561,13.0
2.0,96.3054110979974,169.0,285.0,204.0,797.0,649.6196259748027,221.0,409.2776203319814,808.0
0.0,151.0898626975603,262.0,847.0,293.0,80.0,201.8723059918983,362.0,440.0160097871999,847.0
1.0,12.406321398603607,593.0,799.0,709.0,870.0,0.0,218.0,291.17800060551235,339.0
0.0,0.0,406.0,806.0,585.0,545.0,363.9030986310212,784.0,0.0,388.0
0.0,65.00443187240694,845.0,712.0,214.0,445.0,0.0,996.0,0.0,697.0
0.0,270.8710267194254,384.0,608.0,24.0,573.0,0.0,770.0,0.0,798.0
1.0,288.00378485453484,417.0,18.0,271.0,995.0,202.09487505533085,740.0,0.0,742.0
0.0,0.0,662.0,19.0,846.0,887.0,364.8420611600826,785.0,485.24379651704044,168.0
1.0,322.05690135168305,211.0,691.0,137.0,742.0,0.0,703.0,15.536814253589894,846.0
2.0,0.0,207.0,574.0,633.0,219.0,162.76585447064076,596.0,703.4415920304594,412.0
0.0,0.0,555.0,830.0,626.0,520.0,209.69775690825776,441.0,0.0,162.0
2.0,299.69933035952175,321.0,923.0,74.0,495.0,774.3821310459437,122.0,183.90629253130686,808.0
1.0,847.2406239865875,220.0,788.0,899.0,390.0,0.0,572.0,194.8251823822849,429.0
2.0,346.53965559396556,357.0,547.0,904.0,197.0,700.0479754296749,152.0,930.9806390251753,884.0
2.0,592.3435997297782,77.0,668.0,792.0,143.0,960.8342890593609,539.0,817.9168687901575,73.0
2.0,472.9218577026977,633.0,840.0,519.0,889.0,440.790835187849,223.0,500.28531587069074,608.0
2.0,361.28369504002256,720.0,310.0,96.0,274.0,1000.0,431.0,951.4560646883644,875.0
2.0,794.1128269961705,832.0,991.0,771.0,591.0,499.6722713494445,299.0,0.0,167.0
2.0,551.9408877615905,631.0,228.0,355.0,988.0,460.1155607258231,669.0,856.879934234635,367.0
2.0,579.9725355216486,271.0,515.0,25.0,796.0,1000.0,918.0,620.8118488458667,732.0
1.0,647.6416457690294,1000.0,669.0,663.0,752.0,235.62113976570853,28.0,0.0,83.0
0.0,0.0,204.0,535.0,924.0,278.0,419.91093120733456,184.0,297.7207965924145,584.0
0.0,0.0,98.0,185.0,888.0,69.0,222.80371361884806,684.0,61.33201389774144,587.0
1.0,489.7933891896702,889.0,651.0,68.0,246.0,428.697632672452,930.0,182.1169657494759,618.0
1.0,147.90143578255012,951.0,134.0,647.0,281.0,439.35217807222534,828.0,424.71932247103496,121.0
2.0,34.60228013405042,1000.0,833.0,729.0,17.0,463.21307044495387,569.0,737.8674771077378,357.0
0.0,0.0,344.0,771.0,503.0,742.0,180.77062169145995,215.0,74.36931867260168,768.0
1.0,297.1437747602295,739.0,478.0,842.0,126.0,0.0,271.0,868.187866476193,739.0
2.0,568.576917725095,179.0,569.0,529.0,764.0,944.5673665338676,594.0,768.5327278556077,945.0
2.0,271.81022956383856,402.0,994.0,299.0,54.0,0.0,759.0,89.37686886346614,440.0
2.0,136.44243012261046,906.0,757.0,397.0,176.0,555.980218642601,629.0,673.5271046197597,612.0
1.0,0.0,45.0,695.0,487.0,456.0,302.6522808856823,212.0,6.5390600582272915,435.0
1.0,201.86111631846808,365.0,197.0,88.0,869.0,0.0,765.0,241.00237204350708,225.0
1.0,622.6191538343401,660.0,327.0,591.0,207.0,206.34129717821384,547.0,182.02675830372075,10.0
2.0,29.740335452799922,823.0,293.0,209.0,684.0,815.8676320541181,855.0,343.99950517315807,522.0
1.0,283.0124123142406,88.0,740.0,296.0,940.0,0.0,248.0,499.89037661484053,278.0
2.0,542.4045830633407,506.0,816.0,961.0,562.0,695.9201515313895,275.0,111.40004297919639,951.0
2.0,1000.0,578.0,720.0,904.0,795.0,455.4567702030216,993.0,252.71446090244072,644.0
2.0,637.676644400495,318.0,4.0,215.0,573.0,752.8232816071775,445.0,383.9582246037231,677.0
0.0,20.490382437417754,905.0,285.0,425.0,335.0,135.5540901756089,725.0,19.968084075227615,949.0
2.0,967.9370524624183,612.0,10.0,12.0,320.0,356.2202616663701,22.0,868.5620358541521,78.0
0.0,407.4300441538719,267.0,8.0,254.0,673.0,48.66275981562266,527.0,0.0,993.0
0.0,354.66853629652337,91.0,281.0,927.0,906.0,0.0,271.0,379.0107967530589,744.0
1.0,636.1454635956766,57.0,655.0,464.0,236.0,0.0,720.0,494.85060973597365,852.0
0.0,144.76341692295145,303.0,176.0,268.0,323.0,0.0,960.0,0.0,320.0
1.0,88.52274690858071,21.0,535.0,878.0,381.0,118.79008319784131,183.0,57.84577045857514,87.0
0.0,460.85277193816245,40.0,544.0,639.0,756.0,0.0,754.0,109.5250741399044,4.0
1.0,180.7278923904366,514.0,247.0,786.0,942.0,134.78036316676994,977.0,627.6111718531233,736.0
1.0,240.43702143228387,308.0,746.0,536.0,213.0,47.446453732209605,768.0,0.0,619.0
2.0,1000.0,179.0,256.0,787.0,6.0,549.2909004017157,248.0,395.9917999500387,59.0
2.0,1000.0,842.0,653.0,48.0,449.0,840.8470743296211,782.0,508.8620128789801,437.0
1.0,0.0,381.0,341.0,67.0,291.0,0.0,351.0,584.6667350095173,889.0
0.0,136.09139223442034,702.0,974.0,440.0,254.0,17.258112539185568,509.0,0.0,868.0
0.0,428.4198210067078,694.0,97.0,638.0,38.0,86.50942525963322,560.0,334.99995134557446,137.0
0.0,0.0,465.0,31.0,972.0,597.0,0.0,106.0,0.0,701.0
2.0,1000.0,62.0,203.0,629.0,892.0,271.87211694397735,336.0,442.5272690371137,554.0
2.0,602.5819178538258,956.0,191.0,894.0,892.0,270.1431489318056,241.0,682.3964600353434,745.0
1.0,0.0,231.0,601.0,8.0,82.0,209.33871174737982,172.0,326.04634771133226,382.0
0.0,0.0,960.0,693.0,728.0,342.0,142.72235526483243,579.0,0.0,462.0
0.0,0.0,561.0,857.0,60.0,820.0,82.65515089729318,547.0,371.84261336408383,810.0
0.0,0.0,188.0,956.0,42.0,70.0,0.0,327.0,0.0,121.0
2.0,835.6970778492125,945.0,17.0,712.0,862.0,728.4866213250481,660.0,377.1406191729313,320.0
1.0,12.82679044345846,56.0,234.0,88.0,365.0,243.18377926568843,874.0,660.9907464902644,843.0
1.0,358.16762139315927,266.0,656.0,69.0,955.0,522.3526367112202,333.0,276.45034955558765,952.0
1.0,0.0,865.0,227.0,735.0,370.0,530.0209681076384,693.0,70.31537723849918,433.0
1.0,308.4747551978453,442.0,124.0,518.0,515.0,327.82285140034946,922.0,252.771932010496,418.0
0.0,0.0,616.0,705.0,333.0,549.0,0.0,627.0,0.0,79.0
2.0,535.5265474037504,539.0,41.0,895.0,969.0,775.5113100528894,917.0,795.3198554592054,981.0
0.0,102.31596674612487,34.0,137.0,888.0,426.0,151.3600984768931,723.0,14.475161420008815,726.0
1.0,779.8304173091543,960.0,215.0,663.0,68.0,732.2440382761285,228.0,0.0,837.0
0.0,0.0,90.0,411.0,25.0,741.0,357.29379009492885,88.0,339.1344473805196,371.0
2.0,963.1931750115918,748.0,121.0,113.0,317.0,460.8558584169423,95.0,297.24785758994886,738.0
0.0,0.0,163.0,820.0,198.0,536.0,883.0560610002722,267.0,274.2443251378977,237.0
2.0,842.4481434492452,262.0,183.0,270.0,930.0,767.4280618386457,375.0,713.3379286845875,581.0
0.0,0.0,277.0,881.0,248.0,204.0,275.4246537146968,697.0,247.92310365097146,872.0
0.0,0.0,319.0,17.0,41.0,424.0,0.0,351.0,0.0,618.0
2.0,0.0,318.0,468.0,178.0,367.0,365.19237255924907,107.0,1000.0,491.0
2.0,475.2555522793834,302.0,981.0,855.0,578.0,352.2531445559082,344.0,1000.0,295.0
1.0,298.9915239803917,920.0,499.0,701.0,584.0,497.8536290605406,522.0,489.34453839049553,23.0
0.0,0.0,45.0,447.0,405.0,290.0,128.31070248619378,634.0,39.014199115434224,820.0
0.0,349.39047932400246,49.0,363.0,925.0,598.0,0.0,128.0,395.7043355652211,790.0
2.0,543.9419220083465,60.0,850.0,812.0,808.0,737.1942464044153,606.0,46.53073584952052,951.0
1.0,234.38777608348818,281.0,484.0,8.0,35.0,485.69038961647095,514.0,280.7536766043303,316.0
2.0,787.2649828303623,547.0,117.0,414.0,498.0,721.0543772094549,671.0,588.8090176286545,265.0
2.0,744.8643381955686,723.0,61.0,474.0,74.0,234.28033753001253,585.0,465.0950324238253,750.0
1.0,0.0,155.0,480.0,169.0,747.0,520.4811978376105,500.0,30.28918735438864,632.0
0.0,165.5501004535677,442.0,279.0,655.0,323.0,0.0,813.0,14.160908889364137,46.0
2.0,774.9773760603399,363.0,419.0,906.0,684.0,89.26350581290981,893.0,523.295150493281,766.0
2.0,363.48349126240043,44.0,447.0,52.0,133.0,299.14870508471495,880.0,257.8442311586655,797.0
2.0,227.76473087615568,631.0,34.0,952.0,205.0,798.6977417021709,602.0,749.9045682328257,378.0
0.0,309.4700526107025,10.0,542.0,176.0,761.0,0.0,192.0,35.03087412558724,942.0
0.0,0.0,492.0,709.0,634.0,164.0,0.0,247.0,0.0,296.0
1.0,0.0,59.0,299.0,999.0,431.0,222.6810821002805,492.0,0.0,935.0
2.0,626.1665909468994,959.0,506.0,689.0,753.0,177.7903284921441,63.0,1000.0,336.0
0.0,0.0,387.0,652.0,106.0,411.0,0.0,506.0,0.0,419.0
0.0,0.0,224.0,810.0,167.0,439.0,144.9596189472721,855.0,373.4433149266234,43.0
2.0,0.0,324.0,485.0,258.0,882.0,4.327482798883339,432.0,200.0858131529972,394.0
2.0,267.5097933478915,618.0,869.0,74.0,767.0,698.9167287374878,885.0,556.3924865504101,12.0
2.0,465.0954691718432,476.0,74.0,430.0,113.0,394.4116319859204,420.0,723.9389878247425,360.0
1.0,0.0,916.0,819.0,881.0,494.0,241.57664285773475,736.0,107.04536870574546,922.0
1.0,344.13724202535104,100.0,613.0,350.0,224.0,499.986158998733,453.0,0.0,131.0
0.0,0.0,777.0,774.0,770.0,455.0,144.47292041047655,767.0,190.27520484893034,333.0
1.0,471.26452014561977,272.0,795.0,433.0,280.0,392.9916321370039,178.0,245.75673400629387,160.0
2.0,0.0,95.0,383.0,757.0,264.0,1000.0,646.0,813.127287694603,268.0
2.0,635.8118842361262,263.0,701.0,92.0,639.0,649.8070120552583,727.0,752.0279495521422,12.0
1.0,0.0,259.0,61.0,328.0,777.0,597.0286373617513,85.0,78.3272770879412,423.0
0.0,0.0,7.0,295.0,11.0,224.0,0.0,264.0,27.68772694307503,926.0
1.0,320.00466409900133,928.0,290.0,994.0,556.0,674.2008506597507,764.0,696.8269967742581,235.0
1.0,94.99449314404986,205.0,478.0,564.0,768.0,590.4691329270942,521.0,264.9140316684327,326.0
1.0,274.2813204000734,883.0,944.0,153.0,336.0,312.23446914100094,389.0,618.4426283249076,742.0
0.0,188.06402831375402,840.0,342.0,111.0,115.0,492.1343661818162,603.0,542.351256494763,460.0
1.0,448.0647179839037,42.0,462.0,43.0,846.0,0.0,457.0,743.3112868200111,986.0
2.0,599.8735673119438,997.0,611.0,873.0,97.0,620.4333304366187,66.0,371.9019916766866,117.0
2.0,416.41100359140245,841.0,839.0,1.0,102.0,701.7279070015655,602.0,534.3476889590156,463.0
0.0,297.8332556295005,564.0,330.0,496.0,557.0,391.78662401101366,617.0,0.0,149.0
0.0,326.83253703903904,699.0,475.0,185.0,670.0,153.96241661633522,296.0,95.50842819626192,297.0
1.0,0.0,368.0,347.0,976.0,28.0,662.6932316089585,1000.0,406.76280257538286,37.0
0.0,0.0,990.0,659.0,74.0,546.0,0.0,525.0,665.693578745505,382.0
0.0,259.7474227365158,978.0,55.0,913.0,349.0,0.0,678.0,0.0,489.0
1.0,320.35727088390695,227.0,462.0,513.0,696.0,341.7475423008857,299.0,219.68041249504088,844.0
0.0,228.62941523442097,975.0,189.0,467.0,662.0,488.2638834097111,22.0,130.69084516700084,340.0
2.0,433.78716745362397,246.0,977.0,793.0,217.0,923.655777351993,898.0,838.7906361387435,999.0
1.0,78.27250429973961,473.0,20.0,409.0,566.0,876.971642914168,494.0,519.1109714087145,83.0
1.0,0.0,857.0,427.0,277.0,138.0,677.167590310328,997.0,84.14347938906863,697.0
0.0,98.20587954036924,130.0,491.0,55.0,289.0,289.93983326625954,293.0,265.68635968094804,681.0
2.0,1000.0,795.0,229.0,761.0,117.0,653.3760181338466,767.0,751.0062024252327,283.0
1.0,152.7151407594181,163.0,725.0,315.0,524.0,112.36710630054208,475.0,506.6546674215172,768.0
0.0,0.0,409.0,907.0,132.0,213.0,149.5785182061387,692.0,197.09377104330792,412.0
0.0,891.5851341124358,614.0,255.0,3.0,316.0,0.0,855.0,0.0,974.0
0.0,471.0600899089679,729.0,650.0,804.0,878.0,474.15073342684786,562.0,0.0,334.0
1.0,534.252829889555,748.0,323.0,545.0,36.0,489.95243559672156,116.0,217.63060763431398,312.0
1.0,190.07604837201126,437.0,601.0,717.0,243.0,0.0,69.0,237.07392986455105,42.0
1.0,0.0,947.0,768.0,303.0,29.0,608.1049053419714,326.0,932.2539992109107,851.0
2.0,438.3953874560105,860.0,818.0,764.0,666.0,143.7722730134981,568.0,948.2152110442056,921.0
0.0,279.58672288054447,519.0,483.0,166.0,860.0,0.0,168.0,0.0,727.0
1.0,0.0,281.0,941.0,55.0,783.0,301.33908591534373,788.0,447.1595401590796,194.0
0.0,466.51465084644695,751.0,563.0,737.0,514.0,0.0,164.0,288.6955408439562,361.0
0.0,0.0,579.0,592.0,188.0,520.0,204.11403110137834,123.0,0.0,451.0
0.0,0.0,633.0,204.0,238.0,463.0,0.0,444.0,14.61024836651017,276.0
0.0,161.68736482543258,628.0,890.0,343.0,931.0,191.43258135141687,364.0,66.17648312922819,915.0
1.0,0.0,900.0,600.0,567.0,888.0,833.6006761076736,300.0,492.8664123418904,486.0
2.0,22.29892868300957,812.0,324.0,216.0,796.0,503.86322366256053,121.0,937.5624899672569,717.0
0.0,0.0,731.0,134.0,252.0,322.0,0.0,802.0,0.0,178.0
1.0,497.1960097755585,8.0,402.0,457.0,391.0,867.7425738000431,15.0,197.6075900813945,851.0
2.0,813.1171336300812,75.0,62.0,896.0,404.0,753.2510773845753,864.0,531.2392067104975,366.0
2.0,270.5110716689111,723.0,599.0,697.0,417.0,566.4351998965922,465.0,827.609603225343,689.0
0.0,0.0,80.0,691.0,702.0,757.0,150.79242062694195,319.0,261.6780292236142,59.0
2.0,777.8683751528282,766.0,960.0,290.0,499.0,467.77878934983704,726.0,640.7164517519672,574.0
2.0,374.7982888236684,190.0,513.0,417.0,124.0,277.7436671898449,598.0,598.399126675356,988.0
0.0,0.0,428.0,671.0,46.0,676.0,0.0,92.0,0.0,569.0
1.0,685.5342010746552,975.0,649.0,859.0,813.0,287.97161992124086,896.0,267.2104269402312,142.0
0.0,48.5265607738978,180.0,856.0,299.0,644.0,39.58482146475815,279.0,409.5890101841451,607.0
1.0,595.8954072737372,140.0,471.0,852.0,430.0,485.31566444190616,917.0,457.1288092575008,954.0
1.0,881.840583275541,818.0,662.0,397.0,958.0,114.95685411754275,191.0,32.76001792948769,11.0
2.0,857.5369208149898,828.0,225.0,467.0,80.0,531.9955538606283,627.0,579.2406054392607,771.0
1.0,736.3881055979165,416.0,686.0,745.0,481.0,579.7055188019334,700.0,18.176579634718475,84.0
0.0,882.20457666336,116.0,698.0,460.0,799.0,235.59596457118602,224.0,345.896369143793,752.0
0.0,234.51341226345016,965.0,227.0,2.0,419.0,0.0,532.0,136.57055596539283,151.0
0.0,291.472921755724,499.0,469.0,469.0,980.0,0.0,948.0,317.2984986626256,628.0
2.0,693.5680628921128,235.0,320.0,203.0,930.0,198.83553382055652,543.0,803.3078724797286,198.0
2.0,542.4445596622348,547.0,466.0,680.0,893.0,318.5969607245461,818.0,817.7469799913582,616.0
2.0,370.22261826978604,206.0,513.0,551.0,681.0,665.5651795333483,17.0,224.3883664468034,180.0
1.0,193.6923245301717,123.0,393.0,143.0,256.0,413.0034621724569,476.0,440.0412554306085,926.0
1.0,295.9953300381758,743.0,764.0,65.0,937.0,0.0,929.0,804.3789436872719,666.0
0.0,282.0739098227075,914.0,661.0,997.0,636.0,6.09938826848954,597.0,16.74544556151473,172.0
2.0,233.04917327895495,771.0,742.0,701.0,623.0,759.2702417572555,692.0,901.0131408345753,64.0
0.0,163.36616071735574,957.0,453.0,198.0,234.0,27.19588757672165,31.0,0.0,862.0
0.0,144.61467139365914,524.0,237.0,113.0,437.0,0.0,623.0,544.8971211963084,775.0
1.0,0.0,843.0,219.0,695.0,757.0,218.2969132309785,222.0,475.58618153926756,679.0
1.0,0.0,747.0,33.0,501.0,292.0,161.0716514263382,964.0,0.0,579.0
2.0,199.80985198700253,942.0,723.0,112.0,856.0,189.16988669727255,616.0,941.9365105925227,598.0
1.0,0.0,396.0,978.0,472.0,324.0,430.9944434628306,899.0,172.08436358222846,411.0
0.0,0.0,129.0,95.0,808.0,422.0,289.45161400180336,380.0,0.0,609.0
0.0,51.42927227385116,75.0,580.0,559.0,503.0,222.37339304754448,496.0,6.579395764315952,227.0
2.0,979.3416907918428,641.0,250.0,758.0,931.0,1000.0,972.0,250.54137566890924,156.0
0.0,356.61244865567113,702.0,255.0,844.0,70.0,0.0,336.0,472.4134869158899,614.0
1.0,253.65660547410465,708.0,229.0,125.0,198.0,34.81320857748822,465.0,313.90941910118073,345.0
1.0,602.5418326557192,783.0,910.0,510.0,737.0,195.1265361446854,767.0,0.0,881.0
2.0,883.323310773417,254.0,324.0,778.0,337.0,587.5208215844285,266.0,567.0861642679218,56.0
1.0,170.07249627838377,98.0,171.0,549.0,332.0,675.7165160657115,340.0,565.125246524429,59.0
0.0,0.0,495.0,618.0,628.0,569.0,0.0,5.0,207.8007949928286,595.0
2.0,383.95798806463,488.0,983.0,570.0,675.0,618.7748631120016,693.0,570.2323003739895,234.0
1.0,0.0,464.0,73.0,529.0,452.0,765.4528369006077,232.0,500.5227803687123,123.0
0.0,161.91241426301917,9.0,999.0,858.0,500.0,244.47655902202848,677.0,247.98510705925509,841.0
0.0,0.0,774.0,298.0,201.0,348.0,0.0,803.0,0.0,375.0
2.0,428.6185566579852,180.0,209.0,693.0,631.0,689.3714304030412,491.0,572.1020865813066,619.0
1.0,423.791962950414,147.0,763.0,677.0,693.0,185.05949442765183,722.0,543.7103816484315,373.0
1.0,232.85174458697068,22.0,191.0,543.0,750.0,151.49917601058652,913.0,382.5383697604174,277.0
1.0,0.0,949.0,793.0,606.0,916.0,357.8774399654511,300.0,0.0,977.0
1.0,7.155172032576066,805.0,897.0,119.0,412.0,0.0,660.0,0.0,720.0
1.0,445.20149544839416,588.0,99.0,247.0,500.0,180.3073213913927,482.0,280.38330927414114,567.0
0.0,536.2161759447314,382.0,211.0,957.0,955.0,446.5606586394812,824.0,366.2834040999808,888.0
0.0,153.1225827901792,166.0,50.0,185.0,111.0,186.71030963983856,273.0,508.8905052645765,615.0
0.0,264.96980090673253,240.0,602.0,42.0,742.0,0.0,388.0,149.32151035181727,902.0
1.0,105.03886480219542,265.0,686.0,638.0,994.0,196.2845649898241,366.0,319.576126246457,331.0
0.0,0.0,661.0,71.0,855.0,540.0,0.0,284.0,0.0,163.0
1.0,511.6897763556233,177.0,731.0,570.0,655.0,769.6754966444254,980.0,0.0,56.0
1.0,263.05289022356703,340.0,728.0,180.0,818.0,226.14901204316237,902.0,64.0565861330265,111.0
0.0,0.0,824.0,801.0,244.0,827.0,70.78175778759046,447.0,0.0,701.0
2.0,83.47190691733283,995.0,836.0,298.0,139.0,520.6417220741047,214.0,441.50081473324406,992.0
2.0,179.90620621312377,456.0,112.0,453.0,3.0,665.8308296260919,856.0,408.52693683043805,47.0
1.0,381.6458601186148,244.0,34.0,691.0,824.0,0.0,403.0,716.2008581701089,14.0
1.0,87.13941239015644,125.0,812.0,121.0,149.0,602.7150915472231,408.0,684.7922517414753,304.0
2.0,537.1913964425833,947.0,911.0,914.0,717.0,538.1929715979516,66.0,561.4073568371529,240.0
2.0,315.9140603181936,151.0,540.0,961.0,626.0,499.20744264514025,561.0,185.6031269752629,505.0
1.0,679.0279089709308,340.0,60.0,595.0,86.0,447.91866291095766,812.0,542.501905949173,872.0
2.0,267.46381786258394,158.0,518.0,482.0,144.0,604.1445650291749,481.0,555.3810334154687,253.0
2.0,926.453012496243,848.0,812.0,187.0,586.0,169.71261933829035,280.0,541.0708407495963,790.0
1.0,634.9859998587428,717.0,76.0,988.0,236.0,0.0,674.0,242.32499652094535,68.0
0.0,0.0,206.0,387.0,735.0,144.0,148.59372996808767,983.0,0.0,437.0
2.0,681.0987750538569,86.0,826.0,321.0,183.0,0.0,779.0,583.0118170475437,998.0
0.0,419.6367505694479,946.0,966.0,591.0,649.0,238.11428890264312,656.0,226.36754241464857,382.0
2.0,733.6530272141358,302.0,356.0,178.0,445.0,678.4246831227221,149.0,319.01454795875287,268.0
2.0,224.95007710209703,919.0,889.0,655.0,205.0,334.7008225241979,633.0,468.94018713429216,780.0
0.0,59.37879228065119,886.0,581.0,630.0,643.0,0.0,623.0,466.5509172027402,48.0
2.0,1000.0,226.0,886.0,258.0,185.0,246.2606121775273,222.0,717.1366404910765,599.0
0.0,0.0,301.0,631.0,796.0,266.0,113.50498162363361,66.0,0.0,326.0
0.0,0.0,165.0,329.0,235.0,676.0,166.85944825029895,544.0,468.4825675048425,641.0
1.0,668.26787198587,333.0,684.0,571.0,114.0,404.9864934691806,555.0,244.03896519730557,417.0
2.0,804.0138868679464,43.0,355.0,397.0,751.0,900.2650995653986,196.0,383.6184375139532,696.0
1.0,202.94357411805223,791.0,883.0,304.0,836.0,158.70169020414002,618.0,937.6013063104504,261.0
1.0,0.0,718.0,148.0,453.0,783.0,0.0,2.0,43.591371083844635,860.0
2.0,401.59894876895186,740.0,198.0,726.0,75.0,517.8843310348169,826.0,949.591784060245,399.0
2.0,265.20998842614836,897.0,920.0,147.0,892.0,705.8294045549758,354.0,755.10600299452,177.0
1.0,431.71418986856696,849.0,183.0,185.0,126.0,693.4979085327637,21.0,0.0,420.0
2.0,690.5556738375794,965.0,758.0,428.0,717.0,800.5691053325852,470.0,658.300259610837,660.0
2.0,152.90160467504276,421.0,386.0,977.0,345.0,178.67869320398972,132.0,252.15806084002458,882.0
0.0,615.2144681317961,872.0,893.0,169.0,647.0,224.99966291393892,358.0,0.0,727.0
2.0,1000.0,801.0,668.0,865.0,614.0,628.7414665485705,865.0,927.1495805867539,158.0
1.0,372.59511041920814,213.0,97.0,576.0,398.0,395.14572876691403,183.0,353.404415469818,943.0
2.0,770.181894182645,772.0,582.0,207.0,302.0,1000.0,412.0,302.90155331883227,577.0
0.0,0.0,333.0,52.0,720.0,495.0,0.0,338.0,0.0,433.0
1.0,170.90166041453162,745.0,281.0,491.0,469.0,0.0,331.0,453.2175283461201,768.0
2.0,745.5904114942632,74.0,629.0,914.0,843.0,197.35109214747777,381.0,225.56211374133906,338.0
2.0,734.5829847043047,72.0,508.0,740.0,331.0,359.9817010590975,721.0,592.2720515746591,880.0
2.0,27.038007399894216,384.0,0.0,183.0,706.0,1000.0,690.0,1000.0,387.0
1.0,342.56288047822886,37.0,29.0,371.0,268.0,367.34684207419326,970.0,124.94231310094094,585.0
0.0,113.6534028005946,98.0,618.0,486.0,285.0,0.0,524.0,791.6273027835826,458.0
1.0,414.1710233397748,487.0,136.0,376.0,740.0,361.20266827329385,770.0,336.7741321263414,443.0
0.0,399.269931016849,510.0,725.0,812.0,908.0,0.0,949.0,89.42132337627714,906.0
1.0,346.24078333923626,567.0,336.0,342.0,746.0,452.28430458935384,58.0,530.1044509911109,520.0
1.0,185.3563092345959,262.0,722.0,219.0,958.0,0.0,452.0,284.2908975394164,653.0
2.0,0.0,1.0,986.0,941.0,944.0,0.0,575.0,638.553119165466,179.0
1.0,0.0,260.0,67.0,447.0,217.0,298.6659450540992,802.0,636.5736239314726,396.0
1.0,0.0,961.0,303.0,371.0,704.0,0.0,652.0,338.4401251231979,59.0
0.0,23.508853260997324,726.0,179.0,824.0,86.0,699.4200850695336,957.0,437.23308393950504,649.0
1.0,348.5618538296568,155.0,394.0,633.0,603.0,174.66036922927267,411.0,666.9069496605725,283.0
0.0,58.02675256737861,295.0,930.0,106.0,87.0,623.1956162348731,797.0,0.0,884.0
0.0,0.0,509.0,152.0,40.0,193.0,374.61819748690186,248.0,120.93729980723164,540.0
1.0,179.37433362142727,410.0,892.0,570.0,857.0,205.5129073222802,649.0,302.19622789730545,467.0
0.0,2.2093816938741595,419.0,406.0,116.0,687.0,44.508395337252324,502.0,0.0,141.0
2.0,517.0613890531494,16.0,526.0,138.0,259.0,749.2130410758195,763.0,754.3858032158626,411.0
1.0,435.5769990994167,100.0,262.0,258.0,22.0,0.0,387.0,247.75695632124882,71.0
1.0,415.6177494722877,403.0,781.0,668.0,64.0,193.34187749252965,127.0,0.0,755.0
1.0,307.04203049421125,375.0,600.0,95.0,384.0,0.0,519.0,14.871666764888516,147.0
1.0,100.79777732158671,922.0,889.0,708.0,29.0,107.77976272472134,896.0,467.1911546734189,544.0
2.0,616.6619655304793,491.0,355.0,284.0,206.0,1000.0,33.0,133.34003824763823,612.0
0.0,0.0,639.0,720.0,21.0,442.0,389.69964492633244,267.0,0.0,182.0
1.0,69.24568100883626,396.0,423.0,744.0,436.0,0.0,145.0,0.0,171.0
1.0,0.0,274.0,277.0,767.0,679.0,0.0,468.0,393.7339522066516,445.0
0.0,0.0,805.0,256.0,855.0,502.0,656.4822737511536,317.0,0.0,531.0
2.0,1000.0,888.0,406.0,344.0,968.0,158.9166672869586,108.0,269.3477257013289,208.0
1.0,225.6399103440167,532.0,394.0,779.0,88.0,852.206288486924,656.0,257.52908383976427,90.0
0.0,453.2659022124944,397.0,188.0,504.0,257.0,0.0,304.0,83.86383405891907,805.0
2.0,707.0219897122948,590.0,807.0,858.0,886.0,352.44368323987464,223.0,898.737447222807,224.0
0.0,112.01805384245135,779.0,285.0,615.0,168.0,26.76950733843617,990.0,0.0,726.0
2.0,551.9020727361066,203.0,738.0,214.0,122.0,381.6804110557675,482.0,1000.0,813.0
2.0,378.8241944757709,288.0,892.0,715.0,934.0,669.8387211378479,935.0,486.0743578080235,523.0
1.0,132.63692710598772,7.0,332.0,107.0,310.0,86.51544162539594,973.0,656.9795353315886,408.0
0.0,107.63867172516339,344.0,313.0,686.0,772.0,505.47453776440676,836.0,346.3693906663523,724.0
1.0,678.3855226369066,574.0,821.0,862.0,460.0,567.1056496880027,351.0,416.20164263828747,77.0
1.0,149.09653721300558,670.0,201.0,142.0,571.0,509.0231775753149,449.0,0.0,43.0
2.0,1000.0,606.0,424.0,609.0,308.0,529.2858048755029,264.0,195.18518224578818,386.0
2.0,158.63182248524464,900.0,846.0,923.0,366.0,309.30923741159825,294.0,511.6692092828395,325.0
2.0,959.1870241869187,55.0,187.0,847.0,887.0,765.0698061522186,726.0,149.03424790804777,214.0
1.0,277.5029058270686,243.0,617.0,184.0,444.0,50.68222983303487,44.0,118.47418436895968,863.0
2.0,1000.0,185.0,855.0,295.0,476.0,1000.0,130.0,820.6617174228217,239.0
1.0,0.0,412.0,507.0,941.0,838.0,515.590683397372,966.0,0.0,855.0
1.0,365.2621986983518,99.0,638.0,962.0,205.0,0.0,238.0,356.070084123249,589.0
0.0,0.0,339.0,421.0,436.0,391.0,14.73568451428446,88.0,437.1705587507902,313.0
1.0,75.31301192766385,374.0,627.0,835.0,428.0,106.74323048840033,927.0,302.7114077419783,556.0
2.0,562.0530281102226,519.0,887.0,358.0,509.0,669.3290248857229,974.0,797.6289618201887,491.0
1.0,0.0,133.0,100.0,570.0,121.0,77.43395104663279,270.0,268.21057540958776,102.0
0.0,0.0,604.0,631.0,63.0,589.0,178.92802297805153,988.0,0.0,240.0
1.0,0.0,846.0,973.0,798.0,813.0,212.16117159870484,996.0,0.0,174.0
1.0,549.1628892363252,939.0,293.0,838.0,662.0,819.320456740288,488.0,257.83184539253307,941.0
1.0,0.0,902.0,373.0,543.0,749.0,310.70525918730317,538.0,49.600927195918445,392.0
0.0,31.026648906358645,652.0,981.0,411.0,266.0,0.0,220.0,0.0,863.0
2.0,882.5513916096218,772.0,520.0,185.0,665.0,914.6885816038654,469.0,1000.0,16.0
0.0,267.68525350628045,637.0,150.0,907.0,192.0,240.04932327031705,125.0,296.3334837241843,718.0
1.0,52.412076716226714,949.0,399.0,961.0,332.0,776.9442668169368,748.0,344.318630594518,77.0
0.0,0.0,99.0,649.0,761.0,870.0,0.0,608.0,125.83989002200799,327.0
1.0,196.32159692401962,353.0,378.0,761.0,512.0,410.76867514294776,312.0,482.7949666513871,111.0
2.0,675.8707172349705,966.0,897.0,475.0,707.0,625.0921028021133,696.0,236.21501423657202,357.0
1.0,55.628244951746325,701.0,190.0,947.0,33.0,47.88324579047791,336.0,382.2344839799664,211.0
2.0,427.04125968708615,792.0,56.0,912.0,842.0,576.6459952273852,144.0,684.8927699341068,417.0
0.0,381.14401769970647,993.0,360.0,474.0,585.0,0.0,46.0,0.0,819.0
0.0,262.3538990715434,117.0,294.0,14.0,688.0,168.08253979711267,220.0,34.85131841343692,921.0
1.0,226.16211351195943,178.0,880.0,983.0,164.0,362.23004190415,265.0,522.1599907970912,112.0
1.0,83.82897252666793,997.0,660.0,73.0,810.0,304.3040670323247,36.0,278.3219315905463,209.0
0.0,0.0,410.0,646.0,714.0,183.0,0.0,608.0,823.7875714837982,322.0
0.0,250.71558898966833,550.0,68.0,720.0,197.0,0.0,411.0,208.37197805423003,269.0
2.0,698.475547777949,665.0,645.0,770.0,311.0,421.4541243849843,678.0,776.4145168516206,390.0
1.0,0.0,732.0,518.0,219.0,317.0,50.029069781643784,105.0,306.2601020136532,238.0
2.0,788.5577281150497,906.0,206.0,452.0,565.0,530.813233975737,264.0,574.2875600584281,364.0
0.0,0.0,99.0,206.0,327.0,365.0,0.0,2.0,0.0,544.0
0.0,432.79209753939455,575.0,39.0,749.0,569.0,0.0,353.0,98.18115174566456,245.0
1.0,242.08550618099184,736.0,518.0,953.0,863.0,121.38356056295474,137.0,110.02786268133829,626.0
2.0,807.120376268092,31.0,771.0,851.0,87.0,0.0,240.0,660.7280872255478,71.0
0.0,450.6394858403188,217.0,988.0,246.0,421.0,47.556103808940385,328.0,354.3257740531398,272.0
0.0,0.0,590.0,952.0,393.0,489.0,118.66152699339308,106.0,0.0,486.0
2.0,457.1169191369794,219.0,2.0,69.0,114.0,146.09371301124932,239.0,262.00518499250927,407.0
0.0,0.0,694.0,822.0,501.0,313.0,0.0,654.0,0.0,159.0
0.0,447.80841799660124,144.0,988.0,272.0,43.0,111.20590020184203,108.0,0.0,159.0
2.0,1000.0,960.0,983.0,518.0,15.0,410.62324364134406,95.0,251.39284450601374,922.0
2.0,0.0,726.0,69.0,850.0,979.0,462.61817832169766,216.0,91.16845728853133,884.0
2.0,731.5755010274913,857.0,282.0,162.0,756.0,443.8572012467492,194.0,834.5084958755219,792.0
1.0,479.42749153845205,92.0,295.0,752.0,545.0,258.6614962762944,8.0,778.6893555911715,218.0
1.0,107.15806817773155,383.0,725.0,406.0,82.0,330.5223231729558,703.0,47.34105476392933,162.0
2.0,579.2706869748936,171.0,222.0,845.0,419.0,895.6558682328141,771.0,0.0,830.0
1.0,344.93945255585743,920.0,506.0,623.0,178.0,280.2801142994519,653.0,0.0,774.0
0.0,0.0,84.0,369.0,660.0,847.0,0.0,54.0,416.3817239376595,406.0
1.0,154.93735902848715,501.0,742.0,718.0,422.0,715.1732665346702,481.0,413.55576204620064,773.0
2.0,357.48589691878595,700.0,332.0,562.0,647.0,895.8866713169972,754.0,763.645928983782,101.0
1.0,586.3383513805874,718.0,312.0,715.0,876.0,149.55011623392252,798.0,51.848276954990986,73.0
1.0,0.0,199.0,605.0,861.0,331.0,0.0,144.0,244.238578262211,72.0
2.0,659.597359582296,653.0,703.0,315.0,221.0,551.1466112424522,4.0,370.9986121380024,788.0
2.0,118.15899877225475,633.0,816.0,235.0,872.0,380.15021300412906,658.0,872.1578574003173,248.0
0.0,49.19437677755912,394.0,51.0,231.0,729.0,776.2873898646484,469.0,228.8886612211023,677.0
2.0,491.31979684612674,380.0,710.0,349.0,498.0,668.8196563919672,365.0,559.6884860875831,453.0
2.0,401.2701015287205,993.0,677.0,338.0,502.0,850.166036697465,725.0,436.2512587539894,904.0
0.0,0.0,834.0,291.0,703.0,85.0,0.0,372.0,0.0,24.0
2.0,500.85425781785915,251.0,827.0,271.0,976.0,785.380681752459,119.0,558.8635836187428,747.0
2.0,842.305769830824,298.0,808.0,181.0,272.0,288.28720887725206,275.0,1000.0,787.0
2.0,725.6496012466843,493.0,255.0,886.0,437.0,123.22960714466929,128.0,460.1768641613634,592.0
0.0,238.7642345847357,618.0,393.0,466.0,908.0,61.691533788735526,808.0,0.0,98.0
1.0,69.53964639263071,890.0,79.0,690.0,881.0,87.78356751337873,867.0,511.39337113827594,193.0
1.0,216.42049420572042,756.0,946.0,484.0,880.0,137.28167000889903,685.0,427.0729656497051,291.0
0.0,0.0,295.0,145.0,278.0,636.0,0.0,100.0,183.7301266958128,298.0
2.0,768.4011650369619,82.0,889.0,949.0,7.0,391.50212459270153,770.0,90.75119796369592,3.0
1.0,358.3686652958027,430.0,786.0,215.0,452.0,58.415568564622326,806.0,278.8955636237644,346.0
0.0,0.0,694.0,165.0,2.0,599.0,0.0,41.0,607.9928146371417,534.0
0.0,0.0,988.0,71.0,646.0,461.0,0.0,751.0,221.29806106707656,619.0
2.0,266.8596823790664,82.0,291.0,146.0,23.0,321.2497999560232,340.0,1000.0,713.0
2.0,436.15483579441616,89.0,776.0,313.0,231.0,1000.0,162.0,922.9787139348662,627.0
0.0,58.41593686979027,115.0,848.0,906.0,440.0,0.0,120.0,0.0,64.0
1.0,369.65594104775255,741.0,713.0,59.0,349.0,192.42746987259946,346.0,23.32622809615669,57.0
1.0,314.15323508528843,686.0,373.0,393.0,806.0,0.0,507.0,334.34894633467803,685.0
2.0,287.4044951619775,378.0,851.0,885.0,878.0,551.9418487952909,979.0,303.8951993924554,59.0
1.0,137.82181284513283,926.0,3.0,238.0,69.0,95.64060450933458,444.0,155.71374070286961,416.0
2.0,811.9159231177487,840.0,496.0,254.0,342.0,501.6104252870505,758.0,258.41551371997775,592.0
0.0,0.0,17.0,565.0,19.0,787.0,0.0,322.0,0.0,589.0
2.0,213.66722868506585,266.0,631.0,837.0,205.0,706.7584770040403,968.0,938.6493138763566,448.0
1.0,19.78271417232327,609.0,736.0,461.0,140.0,97.52839598978414,893.0,0.0,943.0
0.0,247.74454502223125,578.0,206.0,324.0,886.0,349.2680338754208,91.0,0.0,57.0
1.0,0.0,56.0,238.0,714.0,781.0,463.7112712256097,829.0,0.0,647.0
1.0,589.303330583465,151.0,937.0,505.0,817.0,287.0765883238171,508.0,440.29105462212243,48.0
1.0,0.0,770.0,538.0,463.0,78.0,0.0,549.0,182.82314489364921,347.0
0.0,161.95579526560925,703.0,48.0,438.0,547.0,4.957317743788236,157.0,709.3642835142988,336.0
2.0,563.1685514160883,766.0,270.0,673.0,830.0,354.3048620010009,257.0,0.0,707.0
0.0,0.0,396.0,316.0,315.0,652.0,0.0,423.0,0.0,531.0
0.0,69.9404154730091,528.0,201.0,135.0,915.0,349.08810519906564,756.0,405.9178819994472,18.0
2.0,767.7115233276983,159.0,441.0,131.0,788.0,319.9963153141441,708.0,382.6799474563466,462.0
0.0,64.30251102718405,557.0,448.0,758.0,36.0,209.62609130289135,662.0,213.37932908485865,57.0
2.0,510.2132547054616,592.0,691.0,281.0,547.0,256.54572811423185,398.0,206.73713327328832,25.0
2.0,514.5357836974363,560.0,55.0,912.0,156.0,936.4310930979246,345.0,1000.0,157.0
0.0,86.21340486879375,614.0,942.0,879.0,687.0,0.0,191.0,426.8800798617976,287.0
1.0,17.441573731941542,890.0,327.0,151.0,516.0,88.63261080955328,911.0,0.0,587.0
0.0,0.0,380.0,175.0,162.0,412.0,0.0,863.0,239.30061143615748,289.0
0.0,0.0,340.0,367.0,902.0,476.0,7.838191680125948,847.0,352.79774540869374,524.0
0.0,559.4907127864641,708.0,706.0,224.0,890.0,0.0,549.0,247.00438851713957,527.0
2.0,1000.0,134.0,420.0,780.0,769.0,486.2849221718515,265.0,0.0,469.0
0.0,38.58993037691222,994.0,558.0,508.0,520.0,0.0,177.0,0.0,424.0
1.0,0.0,333.0,661.0,725.0,659.0,119.78243650600868,949.0,0.0,20.0
1.0,200.11934019139787,149.0,565.0,60.0,278.0,41.961235190982265,478.0,355.03034024951506,797.0
2.0,310.00473011935225,274.0,958.0,245.0,580.0,842.8885860777074,948.0,422.40579789930325,423.0
2.0,579.8105478618492,776.0,939.0,222.0,575.0,582.7595759849331,693.0,694.8765314428751,800.0
0.0,0.0,911.0,8.0,83.0,980.0,0.0,45.0,549.9155740058764,516.0
1.0,884.5849063618862,921.0,272.0,216.0,33.0,489.68966774456413,603.0,457.379230650186,609.0
0.0,69.84811991088833,346.0,423.0,320.0,300.0,231.96613521620347,325.0,0.0,189.0
1.0,422.839819741124,572.0,59.0,617.0,284.0,390.97551696928605,261.0,582.7392634776318,124.0
0.0,178.73159524606842,715.0,755.0,365.0,495.0,0.0,785.0,0.0,559.0
1.0,399.16969069946117,937.0,833.0,0.0,672.0,349.56229790236995,522.0,329.4908008920882,102.0
2.0,450.59577397040835,907.0,656.0,123.0,455.0,509.62089748968566,575.0,493.34200089220775,677.0
1.0,103.8820618823424,388.0,273.0,998.0,258.0,130.54861598940087,200.0,881.8005341610814,183.0
0.0,491.46566534073105,539.0,354.0,262.0,200.0,0.0,223.0,0.0,505.0
0.0,375.55527282302916,849.0,976.0,450.0,32.0,307.85327767519476,680.0,133.36324376082476,628.0
0.0,214.90965279475319,269.0,443.0,920.0,849.0,197.5380792434682,767.0,0.0,638.0
2.0,886.0993553696511,58.0,56.0,326.0,716.0,243.9666882221303,591.0,1000.0,416.0
2.0,579.4833221731377,978.0,941.0,924.0,398.0,75.76985834168866,180.0,1000.0,126.0
0.0,105.86545140343179,518.0,427.0,66.0,302.0,285.290663540003,477.0,397.01030753143976,322.0
1.0,561.1844050719651,424.0,303.0,728.0,323.0,371.38446708592784,955.0,0.0,9.0
0.0,536.5091583152306,563.0,567.0,845.0,160.0,0.0,433.0,305.45517089078857,638.0
1.0,466.93688880106856,346.0,968.0,811.0,621.0,497.89316190020924,947.0,189.99672015703197,457.0
2.0,804.8012077035156,524.0,633.0,574.0,274.0,395.1050537926704,735.0,483.29542507380495,439.0
2.0,350.15986201001,237.0,355.0,675.0,176.0,774.9984419609767,783.0,110.65305343597872,465.0
1.0,404.15105289871303,475.0,797.0,801.0,586.0,227.73970349634348,925.0,388.67995247040227,362.0
0.0,423.54583772736987,951.0,4.0,55.0,299.0,26.936115481528045,252.0,0.0,519.0
0.0,0.0,319.0,503.0,355.0,261.0,139.96233810592,393.0,205.05929352968036,46.0
2.0,792.4788628069241,397.0,736.0,626.0,684.0,958.2252712379786,722.0,800.0321575505606,267.0
1.0,0.0,575.0,691.0,810.0,18.0,107.36261573018702,837.0,217.41344927470973,98.0
2.0,804.3867301208822,844.0,369.0,19.0,393.0,673.7924207503338,77.0,592.4396181529254,954.0
1.0,118.67372497714175,327.0,100.0,841.0,78.0,0.0,614.0,0.0,389.0
1.0,403.54055098338995,286.0,133.0,586.0,475.0,379.9018509037237,956.0,707.205568921393,386.0
1.0,560.8906177223947,354.0,563.0,103.0,76.0,455.9923994914693,16.0,0.0,387.0
2.0,617.8426130416406,621.0,130.0,164.0,208.0,331.1763726226796,449.0,435.3809537321326,947.0
1.0,0.0,121.0,910.0,735.0,626.0,157.87015222030817,94.0,246.37414307895293,692.0
1.0,668.0659041702148,362.0,20.0,956.0,555.0,0.0,739.0,1000.0,428.0
0.0,6.9096478986323735,227.0,141.0,300.0,315.0,0.0,708.0,133.62223931975217,625.0
2.0,618.1537225193334,430.0,318.0,636.0,749.0,300.2268141657307,640.0,161.88880638612483,228.0
0.0,420.7030013887868,440.0,546.0,947.0,126.0,0.0,219.0,466.4247233835115,648.0
1.0,438.813386465297,637.0,391.0,105.0,942.0,0.0,472.0,9.33968183047764,718.0
2.0,722.3460268862328,285.0,130.0,449.0,367.0,529.8485860531196,759.0,154.17544561798312,374.0
1.0,242.19272049700507,336.0,413.0,272.0,332.0,47.308386239646495,374.0,462.2075503772167,670.0
1.0,546.856264746032,198.0,254.0,681.0,515.0,285.2241179106123,30.0,328.3638655706263,349.0
2.0,951.722873970215,456.0,624.0,895.0,799.0,150.1588382492795,976.0,391.3233412722669,681.0
0.0,85.40108847934687,910.0,170.0,830.0,29.0,202.26595650589078,757.0,291.7802353768147,594.0
2.0,778.4264054020978,766.0,280.0,414.0,580.0,165.86064752409973,186.0,825.2659558734864,273.0
2.0,678.503538511386,372.0,848.0,778.0,309.0,290.92183519411344,622.0,410.97599133765465,93.0
0.0,435.4405170978071,759.0,678.0,563.0,438.0,32.857148583442374,926.0,64.21496103958634,123.0
1.0,448.2744961156317,939.0,791.0,452.0,816.0,442.7708076978664,630.0,478.0829854868617,576.0
1.0,400.8057203398222,669.0,36.0,104.0,533.0,0.0,91.0,300.7470476610331,366.0
1.0,174.8568119252529,658.0,928.0,677.0,566.0,202.9362433530911,809.0,479.3435615874111,657.0
0.0,0.0,146.0,411.0,63.0,12.0,183.42827892779357,100.0,0.0,122.0
0.0,176.4590159080399,673.0,136.0,889.0,577.0,0.0,484.0,0.0,78.0
0.0,556.3278954195983,171.0,5.0,419.0,964.0,0.0,416.0,152.63540513859513,931.0
0.0,12.742619556341838,173.0,359.0,794.0,282.0,304.81850086084313,143.0,22.478377102690903,757.0
2.0,364.9156640604984,236.0,447.0,62.0,60.0,1000.0,702.0,512.8437305163617,122.0
0.0,0.0,649.0,226.0,163.0,659.0,157.2085846758828,83.0,0.0,975.0
2.0,1000.0,241.0,454.0,794.0,32.0,414.52897567309645,26.0,699.0339392579334,734.0
0.0,340.827870688886,834.0,493.0,372.0,124.0,0.0,911.0,332.81345593676446,349.0
2.0,718.7355781760183,114.0,704.0,932.0,16.0,618.4782293746573,809.0,325.52120545936447,504.0
1.0,493.13417315737996,683.0,185.0,64.0,760.0,345.69614767443164,416.0,0.0,152.0
0.0,0.0,246.0,83.0,309.0,115.0,0.0,445.0,0.0,829.0
0.0,435.90593325584257,87.0,420.0,761.0,245.0,116.71690404707049,372.0,20.330966471618733,98.0
2.0,995.663015295818,333.0,62.0,30.0,290.0,551.5187543934547,5.0,828.1933382196235,445.0
1.0,0.0,424.0,592.0,256.0,987.0,74.73509965469414,28.0,121.44553381986468,794.0
0.0,300.8851900088621,724.0,489.0,970.0,596.0,379.8211924502154,139.0,0.0,141.0
0.0,487.4615190208352,645.0,144.0,577.0,225.0,256.32111400174534,9.0,0.0,137.0
2.0,962.4181853461083,216.0,390.0,944.0,63.0,547.0045168116446,206.0,596.2836030088168,863.0
2.0,645.7281625384031,447.0,310.0,668.0,708.0,559.8703776687672,607.0,408.3153332691882,463.0
0.0,0.0,760.0,254.0,558.0,188.0,187.99318216414102,485.0,90.88988935331187,532.0
0.0,460.1298292913778,942.0,598.0,248.0,212.0,0.0,802.0,97.61831705924749,625.0
1.0,288.2519628947662,296.0,41.0,286.0,845.0,0.0,336.0,0.0,787.0
0.0,289.7323787985108,407.0,851.0,244.0,576.0,0.0,242.0,139.04196048629882,74.0
0.0,0.0,755.0,530.0,921.0,236.0,13.791447541386164,824.0,0.0,675.0
0.0,0.0,79.0,717.0,107.0,477.0,392.8429390292111,134.0,256.2734032637846,315.0
0.0,0.0,526.0,529.0,621.0,61.0,0.0,874.0,234.70289197332707,921.0
2.0,204.70055689294932,560.0,483.0,374.0,175.0,0.0,514.0,0.0,112.0
1.0,508.95388743523296,576.0,485.0,679.0,28.0,0.0,497.0,370.4759558991848,862.0
1.0,351.4770310300169,823.0,974.0,499.0,898.0,303.974536239075,397.0,0.0,4.0
1.0,912.6282683576454,958.0,642.0,691.0,829.0,230.94297731372535,541.0,317.3141403798929,390.0
1.0,589.4051044876861,29.0,547.0,113.0,823.0,18.076730209400182,159.0,721.586147474903,414.0
0.0,0.0,660.0,869.0,220.0,969.0,627.9003459791103,48.0,456.7095662843821,412.0
2.0,545.188134756774,467.0,841.0,701.0,844.0,955.6211052706793,175.0,741.8540985165963,789.0
1.0,0.0,740.0,258.0,366.0,904.0,62.88158539371152,544.0,221.1131204824421,908.0
1.0,125.16080383607763,481.0,620.0,578.0,346.0,0.0,978.0,0.0,70.0
0.0,258.3308351795544,295.0,372.0,559.0,291.0,0.0,43.0,126.61550983694761,126.0
0.0,0.0,295.0,929.0,397.0,212.0,376.49988841636906,671.0,352.5401853153455,723.0
0.0,527.0878823858674,266.0,658.0,675.0,455.0,631.9289490805536,155.0,130.272173301637,389.0
0.0,0.0,516.0,679.0,482.0,7.0,0.0,637.0,0.0,52.0
1.0,562.8798426953198,194.0,294.0,360.0,981.0,699.5236205505445,129.0,54.19841853473837,449.0
1.0,470.83347023476705,445.0,6.0,115.0,45.0,364.8192179165953,192.0,648.2986340042563,337.0
0.0,0.0,172.0,695.0,52.0,441.0,0.0,180.0,132.4618193126633,950.0
0.0,187.02950608807618,630.0,104.0,387.0,372.0,36.56474512112887,245.0,0.0,51.0
2.0,194.11524877314247,221.0,819.0,370.0,182.0,138.1718664468684,114.0,1000.0,851.0
1.0,282.63310808530235,455.0,975.0,87.0,244.0,0.0,913.0,0.0,9.0
1.0,499.9737224303459,262.0,308.0,384.0,493.0,651.8836114660037,868.0,443.7054600032705,568.0
1.0,188.47965048523193,414.0,629.0,386.0,11.0,30.52398069029703,150.0,0.0,110.0
0.0,0.0,302.0,984.0,236.0,399.0,357.4556337174993,522.0,37.26931075276685,913.0
0.0,0.0,237.0,899.0,353.0,889.0,237.76550423894895,638.0,0.0,24.0
1.0,0.0,800.0,969.0,13.0,731.0,204.429002158816,436.0,746.9374474573277,94.0
2.0,763.7703948610259,933.0,874.0,565.0,58.0,0.0,673.0,1000.0,278.0
2.0,70.40107405658685,839.0,86.0,452.0,948.0,422.2853129693266,209.0,310.52081812212623,281.0
0.0,308.75143158093937,432.0,953.0,137.0,975.0,179.805048437721,687.0,109.31325260623946,641.0
1.0,539.9913693114461,33.0,478.0,818.0,663.0,148.34834922886174,262.0,341.58395527511294,255.0
1.0,196.71131275407657,702.0,449.0,578.0,98.0,0.0,253.0,215.66254282001537,890.0
0.0,23.033449827107642,661.0,344.0,604.0,831.0,653.0430773375862,773.0,273.5103341873514,415.0
1.0,357.31973297095226,672.0,888.0,475.0,811.0,87.28035325830471,818.0,0.0,639.0
0.0,0.0,469.0,111.0,688.0,580.0,0.0,856.0,273.4047667801709,746.0
0.0,651.4215533629086,481.0,603.0,806.0,141.0,0.0,544.0,235.74493586365963,605.0
2.0,0.0,876.0,174.0,620.0,241.0,1000.0,883.0,477.0233835696458,168.0
2.0,622.1413013390671,803.0,492.0,787.0,695.0,829.7008421644065,641.0,220.66696874126777,860.0
0.0,0.0,386.0,165.0,136.0,479.0,0.0,678.0,0.0,212.0
0.0,28.824471465309188,129.0,526.0,387.0,343.0,0.0,701.0,0.0,180.0
2.0,371.2983358324948,906.0,77.0,419.0,505.0,422.2758793435049,365.0,1000.0,630.0
0.0,444.0655124686299,819.0,367.0,824.0,912.0,553.2278926592993,287.0,384.62511637766085,331.0
0.0,0.0,193.0,722.0,312.0,915.0,49.48850117730515,607.0,0.0,323.0
0.0,111.30474561485161,924.0,583.0,8.0,195.0,0.0,5.0,30.399058886424314,261.0
1.0,94.5771444034271,176.0,553.0,963.0,358.0,594.253101197008,247.0,42.975585475378,11.0
1.0,670.3037664265479,179.0,129.0,844.0,357.0,257.216771314227,587.0,534.7476777078073,439.0
0.0,415.61195052457936,742.0,611.0,665.0,392.0,267.6196489275378,151.0,38.92120264644343,967.0
0.0,175.38676916440573,296.0,475.0,476.0,833.0,0.0,771.0,80.64095337170258,2.0
0.0,0.0,718.0,65.0,541.0,466.0,0.0,549.0,58.11594409729208,417.0
1.0,289.2859648781091,814.0,584.0,633.0,607.0,209.62433543664727,865.0,304.2723667328221,475.0
2.0,739.5019778059194,818.0,365.0,235.0,729.0,824.5600000900134,300.0,788.7370549800929,926.0
2.0,268.884843119933,741.0,630.0,536.0,364.0,1000.0,471.0,810.4708926755391,232.0
1.0,0.0,996.0,343.0,205.0,695.0,289.0663729406486,163.0,0.0,174.0
0.0,0.0,234.0,567.0,13.0,657.0,0.0,334.0,648.6356334700921,567.0
1.0,213.69711941785005,410.0,296.0,945.0,598.0,773.9248147855491,570.0,0.0,106.0
2.0,547.1299806343834,194.0,232.0,337.0,5.0,832.2191920062025,326.0,475.07041843430187,444.0
2.0,470.7349643551319,507.0,587.0,109.0,926.0,276.9407224816218,659.0,1000.0,685.0
0.0,0.0,762.0,90.0,76.0,498.0,0.0,326.0,183.72483366889932,626.0
2.0,462.38366885739856,213.0,438.0,504.0,23.0,755.6020571718607,545.0,607.3456823793733,436.0
0.0,0.0,605.0,866.0,940.0,996.0,293.1838937811594,600.0,205.51991534718508,874.0
0.0,0.0,761.0,90.0,756.0,167.0,0.0,692.0,0.0,731.0
1.0,0.0,44.0,293.0,147.0,149.0,8.868684630543259,34.0,492.2481020017526,214.0
2.0,216.66436210855701,195.0,393.0,458.0,989.0,1000.0,858.0,452.13730772626616,286.0
1.0,103.87970039122754,670.0,190.0,820.0,438.0,530.5584763679414,49.0,460.1468918753139,977.0
1.0,0.0,975.0,231.0,992.0,455.0,0.0,731.0,85.33456043921174,2.0
2.0,691.1139300830935,174.0,21.0,280.0,892.0,326.3528203839471,218.0,0.0,303.0
2.0,143.49149965145455,429.0,899.0,533.0,680.0,624.1790923742026,140.0,811.7318331628958,404.0
0.0,112.5910060895774,38.0,300.0,451.0,271.0,285.5909922575929,3.0,13.190643499122855,689.0
0.0,0.0,371.0,380.0,512.0,186.0,16.719973582251352,487.0,0.0,18.0
0.0,282.0648455742506,304.0,225.0,681.0,640.0,319.16430614018236,12.0,0.0,867.0
0.0,155.9359808501606,24.0,253.0,940.0,273.0,627.9083153385589,137.0,169.20913074117976,796.0
0.0,198.33499426001006,683.0,401.0,573.0,853.0,0.0,978.0,0.0,68.0
1.0,620.9151936965891,818.0,67.0,73.0,242.0,269.43286227506775,728.0,159.59392417749655,701.0
2.0,411.41682883947277,60.0,974.0,408.0,356.0,871.2636522506131,550.0,407.6796722567539,180.0
1.0,125.23670600840461,623.0,472.0,832.0,136.0,0.0,861.0,0.0,621.0
1.0,161.84557627684774,890.0,187.0,481.0,547.0,442.7010233839944,53.0,0.0,455.0
2.0,1000.0,47.0,741.0,941.0,354.0,912.3122771222746,449.0,0.0,97.0
0.0,7.469029825099388,508.0,190.0,616.0,501.0,152.37686522288695,134.0,0.0,802.0
0.0,2.545508894752539,921.0,910.0,994.0,617.0,0.0,986.0,0.0,136.0
2.0,623.1884203094925,805.0,273.0,701.0,609.0,258.0117734985307,269.0,106.46757021705163,823.0
0.0,52.495299494761966,947.0,877.0,214.0,961.0,532.374465779737,660.0,0.0,180.0
0.0,131.4391059738682,273.0,980.0,995.0,503.0,0.0,610.0,0.0,4.0
2.0,891.3569133208547,793.0,455.0,324.0,915.0,822.5201561196072,745.0,521.1106007612266,617.0
0.0,0.0,862.0,953.0,908.0,942.0,0.0,602.0,99.08442089608924,740.0
2.0,1000.0,393.0,464.0,287.0,79.0,927.5250058330967,272.0,760.4405925321086,964.0
1.0,893.9542004970584,918.0,587.0,783.0,978.0,266.444106011877,732.0,462.90048588183237,599.0
0.0,134.07357296284601,468.0,960.0,673.0,420.0,406.2449399930738,44.0,123.2228808043631,311.0
0.0,0.0,52.0,819.0,144.0,430.0,0.0,52.0,298.15588578978037,957.0
1.0,513.6672529546374,856.0,31.0,211.0,982.0,282.6036384557059,140.0,131.13051655140424,788.0
1.0,175.7735274150523,614.0,645.0,935.0,387.0,335.8488220639729,712.0,265.53881184312706,311.0
2.0,547.6492735923167,230.0,558.0,50.0,573.0,921.3852358919689,413.0,517.792198094954,231.0
0.0,559.7798139266821,171.0,590.0,155.0,576.0,0.0,450.0,535.2836720149464,611.0
2.0,707.3426524923743,213.0,538.0,117.0,584.0,490.974269440652,906.0,459.4048783339774,742.0
0.0,0.0,22.0,553.0,79.0,510.0,138.56209506027443,493.0,0.0,136.0
0.0,625.8565766625615,933.0,656.0,890.0,225.0,0.0,806.0,91.85308261449478,768.0
0.0,0.0,740.0,954.0,900.0,370.0,0.0,232.0,0.0,997.0
1.0,315.02195783254615,747.0,893.0,288.0,321.0,660.7147938285133,578.0,151.49655498107714,322.0
2.0,215.93032784432543,984.0,410.0,759.0,273.0,491.2157558212478,848.0,763.2185907616081,426.0
1.0,0.0,902.0,415.0,710.0,219.0,104.54161460048897,384.0,942.3442215545333,906.0
2.0,281.4421104732379,69.0,567.0,804.0,91.0,555.3555166919498,675.0,738.1403365248902,382.0
0.0,566.2955945735481,897.0,630.0,743.0,496.0,215.9876338998832,953.0,433.22947065730216,430.0
0.0,574.8800534186743,483.0,281.0,667.0,699.0,193.4379691630635,872.0,0.0,985.0
1.0,0.0,424.0,565.0,885.0,120.0,825.6642218469759,971.0,372.40838481971184,558.0
2.0,621.6999898992834,447.0,229.0,985.0,59.0,130.33448615334694,425.0,896.3250538621219,59.0
1.0,424.2995537394604,231.0,601.0,208.0,288.0,0.0,951.0,176.38707297284608,15.0
0.0,0.0,375.0,172.0,390.0,358.0,0.0,766.0,114.56466745195816,615.0
0.0,206.82350083725643,645.0,411.0,193.0,995.0,252.394356110275,772.0,0.0,615.0
0.0,12.259689434438727,331.0,871.0,679.0,544.0,353.2827248355422,713.0,213.50185765565072,965.0
0.0,0.0,792.0,955.0,157.0,564.0,249.82171354186332,112.0,247.59613320118854,982.0
1.0,504.4662639008629,680.0,739.0,193.0,786.0,201.0563795629378,596.0,0.0,349.0
1.0,449.4793185574741,686.0,168.0,335.0,888.0,293.1040860677055,436.0,285.8261984054228,83.0
1.0,193.1745328324181,472.0,447.0,903.0,297.0,538.7391526721758,730.0,0.0,598.0
0.0,0.0,515.0,287.0,227.0,167.0,0.0,705.0,546.1378603783945,894.0
2.0,905.6053736744486,350.0,194.0,650.0,613.0,285.9396238091867,978.0,965.0251651887729,264.0
0.0,0.0,238.0,340.0,524.0,280.0,203.28924894226947,464.0,0.0,540.0
1.0,280.1479950608836,894.0,860.0,332.0,897.0,0.0,407.0,199.56436375098966,289.0
2.0,506.65091311986635,205.0,889.0,336.0,935.0,884.431969423338,888.0,495.4726025273343,763.0
1.0,304.00067721784865,909.0,323.0,997.0,890.0,0.0,334.0,0.0,279.0
2.0,384.7363619424132,568.0,420.0,49.0,59.0,662.2931390921433,962.0,754.4797629681186,660.0
2.0,973.930566849212,854.0,147.0,950.0,312.0,1000.0,561.0,868.9431829415204,312.0
2.0,394.9421739995539,301.0,653.0,221.0,827.0,537.7104418070136,509.0,472.03709242645186,41.0
0.0,349.354554510136,450.0,482.0,907.0,669.0,467.683058590749,257.0,256.84576632105706,598.0
1.0,17.83986197304668,129.0,82.0,629.0,554.0,270.4476650719763,275.0,68.75417262426448,230.0
0.0,12.029047951774231,200.0,433.0,917.0,80.0,415.53582034171825,678.0,296.85320442378446,762.0
0.0,115.6343005786009,87.0,851.0,840.0,555.0,0.0,178.0,58.68047506100866,717.0
2.0,300.18297291235524,292.0,376.0,76.0,997.0,797.995163049607,435.0,721.5360039490242,751.0
0.0,745.0682814922799,926.0,496.0,200.0,609.0,405.33979511957574,90.0,542.9202118986441,117.0
2.0,473.3574791313944,173.0,439.0,841.0,317.0,0.0,330.0,562.6575050064366,850.0
1.0,0.0,281.0,66.0,850.0,222.0,539.3616988602984,908.0,683.5546555407127,701.0
0.0,0.0,604.0,921.0,36.0,927.0,255.18810232711223,793.0,315.51379596856185,911.0
2.0,578.6950291060057,238.0,768.0,322.0,388.0,47.75867246506576,679.0,988.8626701316997,142.0
1.0,73.82151604385402,331.0,987.0,295.0,485.0,0.0,881.0,443.12489192871783,883.0
1.0,0.0,233.0,952.0,828.0,692.0,155.57466370269478,206.0,0.0,288.0
0.0,357.0293181477321,486.0,371.0,310.0,878.0,98.60501669951962,654.0,0.0,442.0
1.0,432.4619018856394,894.0,953.0,140.0,266.0,69.9217866100838,903.0,53.07625242076849,739.0
2.0,1000.0,853.0,124.0,58.0,946.0,815.8286733847668,342.0,405.58820843847155,530.0
1.0,188.5858666578271,862.0,637.0,375.0,709.0,0.0,89.0,323.3208194431637,375.0
0.0,0.0,565.0,267.0,301.0,177.0,183.48452099125035,214.0,59.442525788608854,861.0
2.0,474.39671901617305,238.0,525.0,264.0,164.0,562.6179773696094,505.0,1000.0,511.0
2.0,1000.0,375.0,634.0,692.0,873.0,731.581828306794,316.0,580.9925616080271,630.0
1.0,0.0,848.0,496.0,809.0,457.0,71.96071497962065,743.0,574.7095848359477,686.0
2.0,448.20395774289693,794.0,392.0,62.0,119.0,707.805668691595,847.0,1000.0,975.0
2.0,780.1952099812086,842.0,141.0,321.0,384.0,509.72487691208727,625.0,367.82710980443227,319.0
0.0,191.8131206974062,389.0,753.0,497.0,926.0,20.282114356468036,837.0,0.0,879.0
1.0,0.0,280.0,908.0,703.0,196.0,0.0,370.0,260.212185691345,286.0
2.0,266.8874102033277,997.0,530.0,56.0,2.0,499.44004570547486,251.0,652.6638972878771,976.0
1.0,0.0,845.0,536.0,120.0,530.0,393.67415556384555,537.0,199.3819457006592,951.0
1.0,573.0279626057376,68.0,353.0,396.0,771.0,0.0,392.0,342.54881839375355,8.0
2.0,677.1387719447555,433.0,556.0,657.0,138.0,103.83061267691215,354.0,595.3664919027901,359.0
1.0,237.70254195487928,209.0,4.0,336.0,343.0,177.67482286341615,15.0,305.97519833027303,897.0
1.0,148.02020334981356,185.0,301.0,873.0,493.0,477.9899815370915,339.0,476.36334898605566,297.0
1.0,141.46534162802396,403.0,739.0,339.0,210.0,877.7298634202231,753.0,397.6575278711088,920.0
2.0,720.3877333556013,940.0,831.0,777.0,632.0,108.2993690926289,766.0,751.4309811157048,396.0
2.0,640.0252161887473,195.0,408.0,105.0,871.0,1000.0,105.0,374.0280873490511,30.0
0.0,843.8484361285139,185.0,700.0,352.0,457.0,581.0428813872693,652.0,274.13457575786305,656.0
1.0,352.6322912160107,747.0,528.0,811.0,61.0,676.5913723764832,395.0,193.8906961964148,355.0
0.0,308.91502671751647,367.0,919.0,159.0,330.0,463.40198617096837,257.0,182.09299193463153,44.0
2.0,844.3776547856818,150.0,462.0,887.0,899.0,524.7098564607774,123.0,628.9206345505384,407.0
0.0,380.57970832642917,473.0,533.0,130.0,983.0,158.11530505383723,892.0,437.65524640886946,139.0
0.0,0.0,511.0,36.0,804.0,378.0,24.442385236003478,371.0,0.0,900.0
2.0,180.84106621928728,543.0,605.0,137.0,19.0,858.7504974695091,542.0,312.380927635605,390.0
1.0,483.1403614081263,547.0,835.0,914.0,704.0,336.27547668348853,603.0,0.0,843.0
0.0,661.5485388650287,572.0,750.0,256.0,840.0,73.85661912290766,686.0,0.0,514.0
0.0,421.94035140603467,576.0,429.0,875.0,22.0,0.0,420.0,224.18978095508425,186.0
0.0,0.0,292.0,511.0,886.0,175.0,418.1353891261376,281.0,563.3809917920075,240.0
1.0,345.2911406845649,117.0,934.0,766.0,938.0,0.0,776.0,424.10053737608325,804.0
2.0,681.3729040317305,750.0,224.0,295.0,39.0,551.5015597376284,311.0,781.95257470233,737.0
0.0,117.9997880016941,86.0,673.0,821.0,98.0,0.0,306.0,0.0,210.0
1.0,6.582240414262032,766.0,606.0,688.0,941.0,325.2491368467018,461.0,347.13615493999174,553.0
1.0,642.8944656460042,470.0,491.0,572.0,910.0,182.15622027395432,495.0,517.584190982523,588.0
2.0,1000.0,484.0,896.0,245.0,593.0,641.3361754792516,674.0,532.2496707426824,840.0
0.0,254.93214122610786,534.0,982.0,961.0,175.0,258.7499196686001,337.0,60.03366810949667,787.0
2.0,248.34220811810403,537.0,666.0,842.0,112.0,268.5421563739047,86.0,177.8277017281659,967.0
1.0,876.6998947725209,636.0,162.0,54.0,216.0,0.0,892.0,625.4078599973457,547.0
1.0,0.0,409.0,268.0,337.0,317.0,0.0,932.0,346.698185921783,62.0
1.0,594.7407713166116,49.0,256.0,673.0,872.0,284.800774144437,666.0,266.554305405639,156.0
2.0,644.4251655785406,599.0,601.0,3.0,473.0,371.2815254861199,466.0,616.5023086194427,867.0
2.0,114.2392801081765,13.0,827.0,762.0,694.0,162.5910868474259,711.0,768.6003616568614,127.0
1.0,455.009604932694,236.0,693.0,268.0,823.0,255.60654592655652,196.0,0.0,478.0
1.0,158.98548824513864,989.0,251.0,795.0,968.0,429.6259165629035,772.0,900.3452586758602,748.0
0.0,432.3135317387389,452.0,441.0,254.0,18.0,420.60523482852227,499.0,827.3508422714007,538.0
0.0,313.2792379108666,484.0,732.0,133.0,908.0,0.0,167.0,118.00431480734163,255.0
0.0,559.2520916979282,978.0,125.0,14.0,736.0,0.0,464.0,347.80409423846316,811.0
0.0,0.0,348.0,778.0,243.0,262.0,0.0,148.0,287.10428406982345,404.0
2.0,274.064521860645,454.0,71.0,470.0,246.0,1000.0,557.0,695.926483106727,118.0
1.0,415.80023055680834,742.0,792.0,983.0,239.0,170.29001355581605,100.0,129.59490933124366,746.0
2.0,471.0882884523995,170.0,463.0,258.0,781.0,284.0493073855443,794.0,0.0,181.0
2.0,806.7767549800026,178.0,843.0,1.0,766.0,450.9407188964825,215.0,231.51818180831455,320.0
2.0,1000.0,356.0,802.0,313.0,758.0,149.32681025391537,879.0,713.7233150651361,520.0
0.0,0.0,815.0,510.0,686.0,487.0,16.656574807584533,395.0,0.0,997.0
1.0,197.06547651567902,0.0,902.0,67.0,921.0,10.256702023154741,626.0,0.0,397.0
2.0,474.1304249673943,441.0,85.0,393.0,472.0,682.0015514806504,161.0,849.1816903768225,615.0
0.0,120.5402352299486,41.0,556.0,563.0,164.0,597.5598727580553,20.0,16.522462523052603,525.0
2.0,653.7654623604097,245.0,32.0,787.0,568.0,39.8425109288671,458.0,498.7230908440476,631.0
2.0,947.327258046854,395.0,5.0,355.0,364.0,523.2307979779453,192.0,650.6452768459401,22.0
0.0,261.82164923496464,853.0,843.0,433.0,949.0,0.0,872.0,206.04769314011128,149.0
0.0,177.0426078090964,541.0,294.0,93.0,720.0,532.295551827964,72.0,0.0,295.0
0.0,544.5807840914641,915.0,936.0,676.0,949.0,203.30342261711752,158.0,52.55507097519684,953.0
1.0,542.6590781586035,370.0,824.0,210.0,771.0,0.0,583.0,0.0,409.0
2.0,653.5479003748942,547.0,115.0,407.0,63.0,1000.0,708.0,644.8313049966622,621.0
0.0,404.71251911898634,734.0,511.0,672.0,264.0,241.82099382605637,989.0,0.0,8.0
0.0,401.93368819440934,586.0,490.0,789.0,385.0,157.8772585638443,157.0,24.05273120342027,125.0
2.0,667.902474947937,346.0,232.0,302.0,614.0,445.11930231551696,773.0,196.76410471489353,928.0
1.0,227.6883168395475,105.0,457.0,968.0,210.0,108.51222688733344,369.0,66.49529118377079,933.0
0.0,0.0,660.0,144.0,289.0,627.0,162.76470771398849,921.0,419.8282984738405,739.0
0.0,22.837432233163565,756.0,42.0,758.0,910.0,0.0,912.0,176.06190554033623,205.0
0.0,405.61167823249104,924.0,369.0,419.0,391.0,34.3174198714809,611.0,107.13489590798515,486.0
1.0,463.56595015477825,605.0,842.0,929.0,781.0,0.0,321.0,486.0207832733825,473.0
1.0,0.0,577.0,972.0,251.0,232.0,229.85364252765675,63.0,112.2279046044606,308.0
0.0,21.0533400252441,115.0,435.0,346.0,868.0,438.2335120459352,861.0,24.875324760010415,461.0
2.0,545.1523934764172,36.0,442.0,653.0,73.0,536.9380785547115,414.0,773.6304761496374,170.0
0.0,148.3763995915562,612.0,172.0,188.0,920.0,237.08545393088815,338.0,178.165574921098,686.0
2.0,972.152126034793,562.0,253.0,762.0,500.0,506.81415350788956,294.0,480.4281965631901,212.0
1.0,343.1308386136246,420.0,286.0,840.0,634.0,60.12246533916902,36.0,256.08025072615044,220.0
0.0,433.4613400180757,871.0,204.0,814.0,3.0,66.84753399697519,287.0,602.8270682641727,513.0
0.0,0.0,642.0,276.0,214.0,33.0,0.0,132.0,63.353994323747116,907.0
1.0,486.8712618820201,664.0,123.0,172.0,2.0,129.49678403382956,949.0,451.9792440580432,163.0
1.0,0.0,540.0,646.0,0.0,337.0,0.0,356.0,418.6893185582146,693.0
2.0,524.3834198516626,941.0,591.0,897.0,892.0,319.2622992154107,757.0,771.0137996573658,893.0
1.0,160.52645737608933,270.0,582.0,211.0,185.0,736.8927628876273,761.0,377.6374283526453,266.0
1.0,333.8093834317781,262.0,715.0,582.0,160.0,0.0,501.0,0.0,58.0
2.0,333.8752341851107,250.0,537.0,296.0,267.0,759.430077281738,793.0,392.6469841899405,277.0
2.0,1000.0,879.0,759.0,393.0,284.0,104.59996218371194,517.0,796.376501224286,651.0
0.0,0.0,746.0,207.0,250.0,316.0,0.0,262.0,0.0,108.0
1.0,528.3468041993486,354.0,645.0,1.0,228.0,57.251740262848756,844.0,499.5377504867704,209.0
1.0,401.1234031752537,24.0,992.0,371.0,75.0,871.5166727285396,29.0,0.0,113.0
0.0,0.0,168.0,263.0,105.0,784.0,17.043403671028656,105.0,156.95085985924933,784.0
2.0,882.916554538249,190.0,144.0,254.0,908.0,186.83642610165927,432.0,517.8618765242593,625.0
0.0,254.4564995229097,920.0,958.0,181.0,872.0,52.36802108106482,937.0,149.74210683170705,620.0
1.0,325.86465711039403,554.0,77.0,634.0,725.0,475.4498454229444,356.0,0.0,743.0
0.0,410.803431337932,989.0,837.0,545.0,455.0,238.02462275625524,370.0,23.521172944647432,763.0
0.0,0.0,729.0,525.0,771.0,615.0,106.12978458459064,252.0,101.92149768890512,867.0
2.0,383.54305642607625,937.0,161.0,545.0,862.0,621.6331508858399,656.0,566.4858331995645,308.0
1.0,0.0,638.0,916.0,243.0,216.0,0.0,201.0,515.0790561193406,950.0
0.0,0.0,878.0,509.0,716.0,43.0,0.0,249.0,0.0,331.0
2.0,588.0949225809134,253.0,370.0,489.0,975.0,463.98353175679154,403.0,923.647904207036,263.0
2.0,219.5790969000656,273.0,631.0,437.0,829.0,53.10754786677342,100.0,694.0647344320272,395.0
2.0,759.7714357296466,559.0,543.0,284.0,326.0,519.768354687507,563.0,360.4999721208561,157.0
1.0,282.37152831606903,889.0,153.0,781.0,222.0,199.56252749503528,649.0,631.5797120686782,985.0
0.0,0.0,256.0,939.0,496.0,571.0,98.20263186656028,913.0,34.74227343997805,157.0
0.0,365.7214266497578,165.0,350.0,772.0,937.0,0.0,593.0,273.74570695516076,373.0
1.0,0.0,547.0,349.0,193.0,271.0,0.0,502.0,112.14978740372848,482.0
0.0,0.0,21.0,565.0,740.0,987.0,483.0848627667027,336.0,0.0,733.0
0.0,0.0,330.0,282.0,786.0,243.0,149.44506122978402,969.0,78.99773017457956,522.0
1.0,235.29787262982612,358.0,380.0,344.0,614.0,161.32295593837023,12.0,98.09249146344979,760.0
2.0,745.7004727111835,196.0,795.0,527.0,199.0,827.0795218625658,977.0,648.556053278025,437.0
0.0,0.0,381.0,714.0,881.0,106.0,119.51252732040588,271.0,156.77448909200163,122.0
0.0,73.17819644187985,137.0,492.0,828.0,111.0,0.0,852.0,553.0090312716262,885.0
2.0,460.919839357727,917.0,289.0,674.0,91.0,852.4230148082028,160.0,604.2301484275979,697.0
0.0,576.0797185247021,24.0,12.0,784.0,708.0,109.17654199620164,313.0,58.824332272456545,43.0
0.0,297.3093969392025,990.0,663.0,9.0,884.0,304.14482838397834,797.0,0.0,714.0
0.0,573.1306901285352,830.0,538.0,638.0,937.0,313.7293418979851,559.0,21.427157828390364,397.0
0.0,835.1247321728496,384.0,309.0,671.0,645.0,354.40769349329867,303.0,0.0,355.0
1.0,529.7261609140876,100.0,319.0,25.0,10.0,45.68852424393765,614.0,114.6532283117318,212.0
2.0,1000.0,532.0,787.0,519.0,554.0,200.71166340646792,304.0,628.8944108402892,956.0
1.0,234.2319863379719,479.0,62.0,33.0,1000.0,646.2188255820734,368.0,314.0423014710652,76.0
1.0,573.483730607898,521.0,128.0,916.0,433.0,525.3625797560977,910.0,162.8910632887256,539.0
0.0,935.5667508558504,638.0,206.0,433.0,341.0,0.0,857.0,0.0,740.0
2.0,1000.0,859.0,303.0,330.0,335.0,413.9448798954878,394.0,385.9879066747689,587.0
1.0,169.55071937298501,850.0,510.0,548.0,993.0,352.27922761150825,628.0,394.23500789391886,445.0
2.0,816.1406135371706,248.0,575.0,749.0,810.0,486.08696423918246,414.0,642.8953665180574,371.0
0.0,402.92037501489216,125.0,523.0,216.0,507.0,364.38016488414894,488.0,320.15565226760185,824.0
2.0,644.1854011223083,138.0,421.0,172.0,438.0,59.247471659787934,421.0,663.6094688145065,303.0
2.0,386.9761837884033,721.0,346.0,742.0,787.0,417.39767442573697,155.0,651.0872624834071,686.0
2.0,496.4470292595477,454.0,784.0,220.0,420.0,832.7947779251818,452.0,790.138756990253,137.0
2.0,0.0,756.0,306.0,788.0,923.0,394.34797466927347,314.0,890.0183601362277,522.0
1.0,352.96730873535444,852.0,747.0,993.0,571.0,775.8390513643799,947.0,147.3974923762463,787.0
2.0,177.1850063769314,303.0,737.0,595.0,153.0,704.3181626379342,155.0,654.0622665095497,203.0
0.0,0.0,375.0,890.0,669.0,220.0,44.460232889158064,155.0,171.9904304379632,396.0
1.0,802.1369739741174,479.0,211.0,819.0,436.0,370.48659355668696,288.0,0.0,587.0
1.0,111.15095277750156,95.0,461.0,139.0,460.0,117.58668597225319,751.0,139.3032321143255,347.0
0.0,514.7218700039512,386.0,771.0,536.0,350.0,0.0,621.0,83.54129477834574,325.0
2.0,311.0434025748716,844.0,173.0,562.0,90.0,807.2781991905995,647.0,810.4045158783233,263.0
0.0,352.8751805732633,799.0,694.0,217.0,271.0,0.0,8.0,0.0,683.0
0.0,71.89919601728496,954.0,572.0,608.0,637.0,0.0,116.0,291.8991762888405,969.0
0.0,453.4109000908571,314.0,918.0,949.0,52.0,129.75435495502,13.0,0.0,407.0
2.0,888.4066071615872,391.0,580.0,123.0,623.0,954.2340939381199,139.0,634.5097608783454,352.0
2.0,508.8884021966655,190.0,703.0,503.0,315.0,759.9025547484795,416.0,530.4331155311838,216.0
0.0,40.97030114999114,584.0,848.0,723.0,265.0,96.24865206996829,919.0,173.59359273976136,479.0
1.0,378.93174665983815,97.0,971.0,252.0,686.0,737.8953572273751,188.0,23.93489887994355,460.0
1.0,601.2212575986254,44.0,78.0,499.0,735.0,235.314003371958,949.0,0.0,396.0
2.0,350.04454282514683,122.0,755.0,905.0,95.0,443.4364103806338,140.0,513.9970931171488,609.0
2.0,698.1994740253409,316.0,447.0,708.0,182.0,303.2544978174257,855.0,814.3911320249719,83.0
0.0,203.56262342368282,870.0,675.0,182.0,847.0,0.0,679.0,0.0,999.0
0.0,0.0,421.0,692.0,896.0,599.0,0.0,633.0,283.30791879186654,264.0
0.0,0.0,580.0,855.0,838.0,488.0,95.616785101436,21.0,209.87299469158438,171.0
2.0,610.8922632223015,467.0,935.0,327.0,943.0,993.7057153734702,431.0,285.9059891949527,780.0
0.0,399.8296046512643,373.0,548.0,577.0,494.0,0.0,803.0,189.99299403391245,429.0
1.0,0.0,804.0,281.0,246.0,813.0,906.4653601171971,825.0,0.0,409.0
2.0,399.4160006723521,436.0,648.0,189.0,677.0,464.72168444884676,118.0,827.6449920410754,805.0
0.0,412.445894791722,550.0,971.0,917.0,539.0,0.0,797.0,0.0,682.0
1.0,431.5444313928225,162.0,928.0,193.0,832.0,355.53108793320854,152.0,264.4434252721914,373.0
1.0,0.0,678.0,278.0,550.0,794.0,263.52016581250393,647.0,71.96956151612636,401.0
2.0,1000.0,526.0,790.0,695.0,392.0,505.3729854740819,130.0,796.6927562847154,519.0
2.0,137.00807075950706,357.0,898.0,247.0,644.0,434.77623730954645,474.0,680.1567824263678,980.0
0.0,152.7341808293168,932.0,526.0,259.0,647.0,0.0,193.0,326.71702466843374,862.0
1.0,78.02131562748377,376.0,254.0,158.0,598.0,123.41229148544252,634.0,290.1645377258421,448.0
0.0,392.34834321580036,287.0,233.0,108.0,651.0,140.42095833366912,253.0,170.21586826678018,968.0
0.0,157.12364208445513,56.0,10.0,449.0,809.0,400.73129731802067,337.0,43.497465631932336,88.0
0.0,242.94006373585202,690.0,243.0,928.0,954.0,0.0,396.0,104.4962527851523,6.0
1.0,87.25339710431986,195.0,251.0,837.0,495.0,698.0736230457986,219.0,134.0937863561017,548.0
0.0,0.0,741.0,713.0,137.0,658.0,636.4729907327843,837.0,0.0,335.0
1.0,532.7152154521599,686.0,20.0,888.0,798.0,434.44834342426867,348.0,165.89946283960728,422.0
1.0,0.0,311.0,250.0,707.0,712.0,620.5414567430292,388.0,111.49974659610955,306.0
1.0,284.04674168538116,849.0,193.0,552.0,829.0,9.378380353235134,702.0,432.25792921576965,7.0
0.0,234.55134592424042,225.0,402.0,763.0,896.0,0.0,460.0,0.0,629.0
2.0,773.8487498814482,602.0,819.0,31.0,297.0,637.9534482632638,186.0,636.7881969231975,722.0
2.0,645.7564919729591,780.0,248.0,320.0,264.0,373.3973369144109,659.0,501.5064592552416,40.0
2.0,605.221885788228,630.0,549.0,766.0,320.0,607.8721952629157,499.0,133.022156636008,948.0
2.0,110.68912217023893,791.0,874.0,6.0,944.0,518.579727077581,748.0,471.3818904743011,821.0
1.0,213.61119075300815,650.0,148.0,389.0,205.0,358.80713661912364,465.0,544.2511596950865,225.0
0.0,0.0,483.0,35.0,812.0,436.0,338.86417891061694,874.0,226.79442974022635,12.0
2.0,599.8840008261166,2.0,172.0,641.0,238.0,773.4162738371219,530.0,179.35903478113676,312.0
2.0,679.7173726294635,577.0,336.0,965.0,349.0,62.614598723909744,440.0,654.9685683818246,315.0
2.0,124.77558677786575,282.0,31.0,71.0,397.0,809.0538098444222,325.0,260.799285475433,764.0
0.0,0.0,489.0,379.0,74.0,472.0,273.39056484692736,98.0,238.29911405490645,873.0
1.0,119.27198174974374,814.0,323.0,119.0,178.0,362.5842506368205,802.0,192.70299416885302,984.0
0.0,189.44699352457704,382.0,877.0,903.0,634.0,0.0,21.0,0.0,856.0
1.0,0.0,352.0,594.0,433.0,70.0,242.26637756482336,614.0,660.1373353164171,549.0
2.0,0.0,10.0,679.0,740.0,478.0,655.4323877934517,366.0,689.1044038061332,502.0
2.0,0.0,991.0,555.0,266.0,991.0,409.3384244886418,155.0,473.27780220550807,848.0
0.0,0.0,116.0,69.0,412.0,756.0,0.0,963.0,187.11365593878858,251.0
1.0,156.8368728206908,722.0,327.0,668.0,477.0,0.0,596.0,185.791571437599,993.0
2.0,823.157816028092,719.0,895.0,21.0,282.0,632.3409444403626,966.0,327.4057551359933,461.0
0.0,336.880833604382,381.0,402.0,568.0,910.0,344.783389223736,331.0,0.0,33.0
1.0,586.7989578072534,842.0,561.0,743.0,735.0,0.20248769527418997,85.0,165.3810809200555,353.0
2.0,276.8005170314182,396.0,933.0,877.0,40.0,558.5450368250903,84.0,734.9138801578268,516.0
2.0,868.5263333597338,59.0,95.0,554.0,818.0,244.53059281722196,741.0,784.3341808386805,441.0
2.0,1000.0,926.0,417.0,724.0,548.0,459.5677861245124,532.0,258.49273308073447,748.0
1.0,385.1559570412199,247.0,147.0,89.0,265.0,0.0,258.0,298.62672731626094,727.0
0.0,118.96311573512345,127.0,142.0,128.0,515.0,0.0,540.0,0.0,637.0
0.0,124.2457024037865,264.0,659.0,377.0,788.0,22.66693928421606,816.0,0.0,578.0
2.0,1000.0,962.0,442.0,520.0,540.0,397.2765341516737,647.0,445.15316677836785,551.0
0.0,0.0,66.0,950.0,439.0,902.0,472.56555318291487,668.0,799.8060641463323,237.0
1.0,0.0,992.0,332.0,310.0,28.0,66.5826169997453,248.0,616.4134019875498,285.0
1.0,766.5026290095572,384.0,539.0,576.0,986.0,107.29819670553964,834.0,0.0,801.0
1.0,92.69309943291019,467.0,148.0,946.0,561.0,0.0,672.0,192.43397152213905,181.0
2.0,589.4178056321338,42.0,445.0,870.0,553.0,285.67500065178075,788.0,961.3959994182495,227.0
0.0,136.32308788754943,26.0,313.0,392.0,132.0,0.0,957.0,336.595033732914,264.0
1.0,86.96985617773139,387.0,262.0,225.0,310.0,338.40735445222504,915.0,0.0,693.0
1.0,347.3391024242575,450.0,467.0,628.0,834.0,288.680597596021,735.0,83.28959998305517,983.0
0.0,0.0,798.0,315.0,705.0,970.0,0.0,713.0,78.33267966845301,224.0
0.0,375.04414264201284,225.0,948.0,888.0,624.0,262.09254310805034,553.0,531.8668851512398,41.0
1.0,0.0,772.0,92.0,940.0,854.0,320.2147025602302,298.0,0.0,815.0
2.0,706.9278258791671,948.0,386.0,291.0,350.0,296.8881321605029,296.0,279.83526489350186,509.0
0.0,0.0,712.0,139.0,634.0,38.0,0.0,272.0,263.58749080935456,88.0
2.0,395.1747787986061,66.0,438.0,647.0,277.0,787.7770420372871,701.0,830.6640854005049,412.0
0.0,149.7002101300951,158.0,706.0,860.0,852.0,0.0,672.0,0.0,572.0
1.0,837.2283259009281,883.0,432.0,835.0,710.0,245.26627277014006,600.0,0.0,879.0
0.0,0.0,263.0,690.0,924.0,82.0,210.68397134356692,940.0,0.0,271.0
2.0,0.0,526.0,957.0,73.0,873.0,669.7322412664237,262.0,447.7977765092276,695.0
1.0,794.1346857392455,714.0,380.0,651.0,567.0,217.79374170643737,922.0,555.3344626674982,252.0
1.0,87.25401064383351,506.0,254.0,467.0,154.0,0.0,949.0,347.0056744484851,212.0
2.0,855.94056394403,174.0,945.0,118.0,746.0,125.41384477383005,114.0,908.3529889502304,946.0
0.0,151.6652535934604,725.0,473.0,436.0,156.0,285.9779988241718,440.0,0.0,754.0
1.0,594.4450517338072,279.0,744.0,208.0,764.0,108.32627160864644,575.0,0.0,767.0
0.0,0.0,232.0,976.0,291.0,557.0,549.7051720340966,456.0,0.0,514.0
0.0,6.440233011696078,280.0,128.0,12.0,973.0,580.530463070122,121.0,109.96477741469387,153.0
2.0,223.58981193566973,800.0,579.0,637.0,735.0,277.57490488974247,670.0,509.23724127319946,648.0
0.0,43.4366655633565,62.0,268.0,618.0,574.0,190.36752012044724,271.0,0.0,516.0
1.0,0.0,526.0,188.0,605.0,610.0,798.3974450178165,471.0,87.82424625202006,640.0
2.0,348.53084985244675,524.0,940.0,631.0,861.0,434.4869141361291,319.0,610.1176117327532,898.0
1.0,603.7504746336604,655.0,858.0,818.0,681.0,303.1967436151491,937.0,111.62514712422235,797.0
1.0,56.13389339985148,169.0,741.0,438.0,51.0,193.56601883751625,225.0,552.8400728568081,320.0
1.0,506.00967412981555,224.0,936.0,945.0,386.0,451.6763413944092,890.0,0.0,130.0
0.0,610.3386394949647,626.0,808.0,617.0,284.0,0.0,674.0,0.0,284.0
1.0,469.788032097124,877.0,247.0,555.0,360.0,958.4069781035959,258.0,93.23963931976633,301.0
0.0,177.4795080236533,161.0,837.0,734.0,639.0,0.0,66.0,0.0,123.0
2.0,670.151764220178,180.0,880.0,807.0,142.0,819.9379636974614,955.0,660.6160725385652,547.0
0.0,187.54869973347098,623.0,329.0,654.0,582.0,34.76183709307258,542.0,873.8390104711286,690.0
1.0,473.5255121435262,656.0,975.0,344.0,786.0,213.18703391764817,271.0,12.838449363932082,193.0
0.0,22.457802581658328,886.0,333.0,118.0,100.0,215.71222073422106,830.0,0.0,176.0
1.0,190.00990485747747,755.0,848.0,990.0,849.0,105.53265248947248,666.0,0.0,434.0
1.0,790.55304760542,939.0,165.0,768.0,926.0,11.379068094799205,329.0,176.65649539395574,28.0
0.0,763.8637067737535,866.0,186.0,949.0,978.0,58.27895122232058,303.0,372.79686058739304,935.0
1.0,0.0,754.0,195.0,640.0,612.0,0.0,334.0,0.0,975.0
0.0,775.4378217804392,658.0,830.0,134.0,269.0,28.211060656899896,829.0,0.0,518.0
0.0,398.9540097382143,384.0,357.0,14.0,589.0,354.22960682649614,422.0,0.0,690.0
0.0,0.0,763.0,758.0,24.0,519.0,92.58611171838334,253.0,132.6782324280374,686.0
1.0,0.0,802.0,631.0,349.0,342.0,536.1195055606013,137.0,816.1280721810012,36.0
0.0,0.0,367.0,355.0,764.0,781.0,0.0,701.0,58.36752235168616,245.0
2.0,978.462235349093,26.0,29.0,28.0,645.0,971.0240005225353,483.0,0.0,27.0
0.0,329.79177122367247,806.0,188.0,524.0,361.0,352.4791458671596,486.0,314.5509157487098,841.0
1.0,40.67852725419852,572.0,999.0,373.0,120.0,92.38844959455201,435.0,0.0,912.0
0.0,103.7337419830545,660.0,534.0,821.0,627.0,161.86675008906656,286.0,100.72344869983428,584.0
0.0,0.0,499.0,368.0,770.0,294.0,84.22922968690222,772.0,0.0,658.0
2.0,641.9240568079508,873.0,762.0,614.0,144.0,649.5682774621886,65.0,562.4276482221177,576.0
2.0,516.550626165256,830.0,990.0,488.0,531.0,135.91568760598068,823.0,420.3436260329706,81.0
2.0,536.3857963932901,28.0,841.0,593.0,609.0,411.0187746268619,645.0,586.4793914366438,564.0
1.0,266.97025362632195,999.0,654.0,833.0,219.0,199.45357467369914,915.0,0.0,423.0
0.0,381.9892593874944,351.0,892.0,48.0,712.0,0.0,935.0,70.54851059356581,915.0
0.0,24.091051728976016,909.0,988.0,352.0,676.0,0.0,493.0,0.0,380.0
2.0,441.9561208966408,748.0,517.0,606.0,600.0,961.827564044204,660.0,332.2901662496947,40.0
2.0,818.056030111413,187.0,243.0,729.0,189.0,612.0126792606974,981.0,340.1965125918802,798.0
1.0,337.498788089136,1.0,321.0,805.0,572.0,236.3429289396464,899.0,0.0,852.0
1.0,236.80197888420892,760.0,394.0,987.0,783.0,0.0,688.0,60.55976776097123,9.0
0.0,268.14796633372276,225.0,246.0,70.0,164.0,363.88882684144534,546.0,288.3956076722964,510.0
2.0,643.5449970177721,989.0,818.0,833.0,854.0,762.8412504059629,372.0,1000.0,410.0
0.0,188.87165570394947,554.0,660.0,286.0,865.0,0.0,747.0,209.34430821916212,331.0
0.0,673.1578948776669,494.0,218.0,908.0,8.0,0.0,164.0,0.0,128.0
2.0,742.97490279771,482.0,215.0,45.0,144.0,711.5071179824387,235.0,390.8434904448043,308.0
1.0,73.0052760751701,860.0,156.0,96.0,979.0,89.8350662252344,41.0,289.11508768350734,427.0
1.0,795.4371288063098,935.0,613.0,376.0,134.0,116.8730936882189,630.0,665.3317053898713,180.0
0.0,71.86544893943231,786.0,387.0,528.0,746.0,0.0,761.0,0.0,755.0
0.0,0.0,604.0,451.0,68.0,571.0,0.0,407.0,0.0,202.0
0.0,325.8184398276747,938.0,198.0,52.0,301.0,39.83088840881434,968.0,145.7912060864628,535.0
1.0,0.0,510.0,423.0,93.0,798.0,0.0,314.0,635.3698101097307,394.0
0.0,0.0,272.0,485.0,365.0,63.0,405.6104330879787,124.0,0.0,379.0
2.0,869.4173942117317,969.0,442.0,227.0,262.0,656.7647086085249,659.0,371.33830987457304,226.0
1.0,266.5941338801357,653.0,670.0,661.0,267.0,511.95762735906334,398.0,182.01838695538714,567.0
1.0,232.3341849577176,263.0,930.0,863.0,156.0,0.0,651.0,810.9755953158163,420.0
1.0,468.6296510225016,422.0,154.0,479.0,758.0,380.21618966042365,214.0,605.3047352058254,138.0
2.0,766.5716464447828,613.0,622.0,700.0,350.0,614.0031414258941,340.0,0.0,546.0
1.0,282.96211733214903,391.0,442.0,246.0,327.0,419.1811185339361,472.0,0.0,198.0
0.0,0.0,915.0,733.0,942.0,469.0,228.17463924390935,908.0,0.0,893.0
1.0,393.9739385427146,138.0,857.0,91.0,378.0,0.0,464.0,287.34566069360346,304.0
2.0,0.0,660.0,48.0,167.0,755.0,274.0948218492951,676.0,748.2891040358408,120.0
1.0,363.8892145143989,754.0,313.0,132.0,274.0,0.0,942.0,305.0445620354972,585.0
0.0,76.93276125847541,675.0,441.0,336.0,49.0,390.41158103309243,269.0,0.0,967.0
1.0,178.85001381464915,17.0,707.0,441.0,411.0,796.9619738178066,269.0,541.3407490448354,405.0
0.0,27.35241115984691,845.0,151.0,522.0,165.0,281.6572862187011,583.0,0.0,563.0
1.0,904.5703177853266,886.0,13.0,870.0,123.0,0.0,241.0,527.6587405711269,865.0
0.0,338.4551116746829,950.0,718.0,937.0,945.0,0.0,839.0,0.0,273.0
2.0,282.0324408336108,833.0,871.0,582.0,475.0,472.4552006985253,656.0,401.94034415193454,192.0
0.0,171.85752313780102,56.0,696.0,531.0,940.0,406.1103404232741,83.0,0.0,553.0
0.0,0.0,581.0,614.0,20.0,371.0,0.0,988.0,45.71371790370581,3.0
0.0,117.84388594859816,272.0,779.0,663.0,251.0,284.4320970397055,600.0,102.18879179513405,624.0
1.0,400.6004865442402,664.0,556.0,816.0,146.0,597.8448490317828,104.0,318.04052836198196,245.0
0.0,228.3177429842717,808.0,278.0,149.0,667.0,0.0,666.0,296.7706431543986,857.0
1.0,713.4698688512916,284.0,338.0,2.0,40.0,866.0821994366127,395.0,10.288649074291031,882.0
2.0,612.692628184426,155.0,569.0,566.0,879.0,459.8708926202848,227.0,964.4554472819163,576.0
1.0,0.0,266.0,298.0,426.0,1.0,392.7310214207027,95.0,763.2344741738688,959.0
2.0,848.5043507983197,999.0,625.0,612.0,173.0,323.2452194741696,456.0,35.17684680649253,108.0
0.0,0.0,915.0,47.0,995.0,243.0,153.50399946920353,966.0,0.0,477.0
1.0,0.0,199.0,647.0,348.0,24.0,0.0,965.0,366.4975567778256,116.0
0.0,241.4769574843668,409.0,828.0,833.0,155.0,468.0167963917936,703.0,14.34524725643739,480.0
0.0,345.43082015230766,891.0,949.0,623.0,23.0,0.0,283.0,0.0,310.0
1.0,0.0,9.0,802.0,654.0,266.0,71.83361011098327,272.0,107.2875091317332,712.0
0.0,25.86353528073723,245.0,856.0,537.0,267.0,101.48892924607554,919.0,328.16841847022965,424.0
1.0,71.09686269428198,83.0,504.0,629.0,680.0,460.70314461038146,60.0,350.06718985113264,139.0
1.0,116.17719670414826,516.0,361.0,554.0,70.0,143.97357858131394,75.0,0.0,276.0
2.0,256.16883993635577,468.0,539.0,786.0,385.0,383.00234224621374,874.0,259.0387104121717,162.0
1.0,394.0635484502389,50.0,583.0,350.0,226.0,686.8738078802676,510.0,924.2159206269984,343.0
2.0,400.93833935620836,399.0,898.0,647.0,105.0,235.60362715830402,47.0,646.844980517659,235.0
1.0,208.58432222046446,408.0,535.0,693.0,949.0,387.6181308757511,109.0,559.177054152202,620.0
1.0,369.9585585577689,83.0,304.0,34.0,984.0,28.863785252066787,742.0,0.0,90.0
2.0,411.72655787648597,245.0,806.0,961.0,943.0,601.4166225498846,734.0,552.22389787947,559.0
1.0,341.1997714024618,675.0,966.0,694.0,797.0,411.28778017676035,716.0,696.7580757462578,743.0
1.0,176.54897978732134,710.0,824.0,158.0,897.0,163.35804397809318,993.0,0.0,210.0
2.0,621.6698683602443,631.0,547.0,9.0,527.0,644.8991115660972,277.0,842.3969873290403,169.0
0.0,82.32446028292894,249.0,129.0,315.0,858.0,0.0,610.0,379.6093373774076,273.0
2.0,930.838807052818,673.0,647.0,364.0,613.0,595.8847316634353,744.0,709.2228388219474,549.0
0.0,0.0,649.0,66.0,268.0,419.0,0.0,782.0,0.0,990.0
2.0,857.9720100040287,523.0,424.0,329.0,455.0,333.9007445204864,466.0,231.91271691954276,993.0
2.0,416.22116792871435,331.0,110.0,375.0,362.0,32.20816931557812,292.0,705.0138673337179,564.0
0.0,0.0,273.0,78.0,278.0,789.0,154.611220883582,297.0,241.2789747143088,416.0
1.0,624.5559240625248,531.0,366.0,986.0,74.0,40.780492764240286,766.0,203.9979499849444,662.0
2.0,366.5434956486907,735.0,906.0,489.0,637.0,882.9529135452822,458.0,76.18886690150568,752.0
2.0,594.1708386896062,300.0,895.0,667.0,945.0,475.63468257427826,818.0,424.68471324810787,299.0
1.0,417.0344087848119,1.0,453.0,426.0,446.0,0.0,801.0,85.70884574483041,704.0
1.0,135.93601643819937,435.0,685.0,318.0,301.0,250.96360137989365,467.0,390.79754544646215,421.0
1.0,159.15678239395183,258.0,119.0,907.0,574.0,722.2622081484263,707.0,0.0,996.0
0.0,17.969961506463395,508.0,58.0,472.0,767.0,0.0,725.0,310.53500689606017,510.0
2.0,644.1682631405417,940.0,567.0,95.0,852.0,441.6469505138646,739.0,810.2141984810007,418.0
0.0,0.0,308.0,14.0,315.0,308.0,341.68696154328563,960.0,469.50779678998566,570.0
0.0,0.0,488.0,620.0,812.0,820.0,13.594358880410644,107.0,0.0,862.0
2.0,1000.0,464.0,531.0,358.0,990.0,1000.0,310.0,634.3011725424803,495.0
0.0,0.0,216.0,44.0,114.0,246.0,442.4847182728177,206.0,0.0,488.0
2.0,930.9766031010721,907.0,845.0,516.0,359.0,637.828296340215,100.0,145.7821854317901,759.0
2.0,492.1199840566984,145.0,40.0,847.0,263.0,476.5569508509826,647.0,849.4257378510135,270.0
1.0,484.31823273406485,518.0,402.0,219.0,66.0,48.274364911377354,881.0,229.94671929123788,351.0
1.0,17.244199299881032,620.0,833.0,692.0,187.0,0.0,318.0,45.443700137846506,878.0
2.0,516.1235375303368,381.0,401.0,561.0,998.0,579.5784433416494,885.0,813.6958601682342,101.0
2.0,0.0,958.0,607.0,862.0,621.0,1000.0,217.0,429.6028178226069,783.0
1.0,0.0,536.0,424.0,725.0,472.0,0.0,26.0,214.51878296272642,100.0
2.0,1000.0,106.0,472.0,293.0,457.0,273.73876310826984,694.0,962.799610289392,446.0
1.0,627.5291802417215,427.0,606.0,876.0,778.0,67.17094275551484,796.0,528.7879668970401,85.0
0.0,4.573737164656929,235.0,894.0,426.0,948.0,25.27188071050722,94.0,106.7075276737314,823.0
2.0,775.1088813835257,212.0,177.0,491.0,573.0,596.8807361746884,607.0,1000.0,368.0
1.0,0.0,196.0,290.0,213.0,569.0,216.32669559138662,440.0,279.45554053052854,733.0
2.0,728.7470172601419,911.0,333.0,19.0,479.0,984.5458737854509,231.0,440.454093980496,663.0
0.0,0.0,32.0,837.0,991.0,621.0,0.0,401.0,0.0,974.0
0.0,640.3268027869688,442.0,105.0,206.0,101.0,0.0,446.0,0.0,132.0
2.0,837.5051566517028,412.0,937.0,130.0,775.0,546.2797981178302,863.0,891.1310754923967,234.0
1.0,87.26686473505254,128.0,614.0,531.0,181.0,0.0,0.0,522.2793680916024,867.0
0.0,0.0,549.0,127.0,599.0,6.0,0.0,132.0,174.96867749840524,434.0
1.0,0.0,677.0,972.0,162.0,737.0,241.29152040964556,42.0,373.0015673791108,908.0
2.0,935.3050398596858,692.0,950.0,263.0,911.0,1000.0,499.0,702.896526368573,256.0
2.0,836.5988777925725,931.0,72.0,275.0,665.0,940.9469163646003,703.0,911.676953148746,770.0
2.0,742.2610939987811,1.0,680.0,6.0,257.0,674.4868814832854,623.0,867.6184405225544,331.0
2.0,872.0308157959873,50.0,933.0,886.0,675.0,373.03814678845,820.0,983.7347694576936,251.0
2.0,539.7469353348529,8.0,205.0,500.0,368.0,790.2887194356275,555.0,1000.0,917.0
1.0,0.0,733.0,507.0,471.0,515.0,304.8924938625522,273.0,547.0867800216072,432.0
1.0,0.0,676.0,315.0,696.0,926.0,587.4443232138248,565.0,0.0,733.0
0.0,534.3371605189665,312.0,363.0,529.0,662.0,0.0,820.0,0.0,347.0
2.0,226.22721523868557,231.0,522.0,365.0,794.0,447.5903416485833,764.0,0.0,468.0
0.0,94.2781550024221,279.0,800.0,96.0,439.0,407.90460735600243,205.0,0.0,502.0
1.0,468.9098204839694,891.0,376.0,307.0,489.0,84.92202593057627,486.0,655.7887393268896,177.0
2.0,1000.0,270.0,371.0,648.0,70.0,1000.0,686.0,363.05433593548327,76.0
1.0,254.3352183560151,497.0,254.0,419.0,928.0,228.239128698077,824.0,0.0,783.0
0.0,398.8759948052368,350.0,764.0,682.0,183.0,211.00770427499154,776.0,0.0,91.0
0.0,352.4279387255143,264.0,839.0,808.0,179.0,32.036098991652814,305.0,3.300047821303935,487.0
1.0,0.0,720.0,782.0,724.0,631.0,362.2645014020694,81.0,0.0,192.0
2.0,266.15065909400363,253.0,209.0,982.0,185.0,842.4440307733944,409.0,238.8125709134316,216.0
2.0,872.4002228077383,907.0,545.0,85.0,989.0,37.27193122864387,213.0,498.0892495714353,274.0
0.0,738.9202768583018,865.0,35.0,151.0,576.0,408.1908778476503,194.0,0.0,519.0
2.0,985.2606211961456,88.0,889.0,587.0,765.0,307.5520039119419,89.0,202.91550778754802,870.0
1.0,188.53041133764756,352.0,260.0,655.0,914.0,398.10165592908845,561.0,666.5727294153825,671.0
0.0,0.0,610.0,390.0,163.0,635.0,0.0,46.0,331.24582225567036,325.0
1.0,222.75136375778257,641.0,284.0,351.0,614.0,306.2466500836889,105.0,234.3741665821959,459.0
2.0,791.6197849306899,460.0,899.0,769.0,339.0,329.9291394236838,643.0,302.1863377740826,335.0
0.0,219.1042996811678,154.0,344.0,49.0,26.0,0.0,291.0,0.0,337.0
2.0,226.5695871800142,10.0,578.0,709.0,803.0,807.9723463217074,10.0,913.6307557172288,681.0
0.0,386.3287302213374,945.0,702.0,824.0,509.0,129.10518956659493,296.0,259.4007454366436,93.0
1.0,171.66368543924318,320.0,770.0,541.0,698.0,298.1439397631833,56.0,347.29549222469467,525.0
0.0,0.0,448.0,593.0,76.0,513.0,231.62295356488988,180.0,0.0,548.0
0.0,0.0,846.0,750.0,759.0,439.0,0.0,129.0,227.684679932017,96.0
0.0,0.0,73.0,868.0,564.0,49.0,58.92491906226343,286.0,0.0,431.0
1.0,760.6043687866162,118.0,120.0,547.0,939.0,0.0,898.0,12.350656121364702,328.0
2.0,24.516942134673684,361.0,778.0,973.0,601.0,721.4997570085475,485.0,631.8836129485067,723.0
1.0,41.13832491605398,815.0,398.0,781.0,697.0,606.3112682528173,704.0,50.37063067311423,35.0
0.0,539.7237811371425,946.0,368.0,817.0,322.0,512.6035491576735,383.0,213.04381536074578,828.0
1.0,315.99241681187897,608.0,499.0,384.0,117.0,584.605048924361,384.0,276.11854794168244,831.0
2.0,541.7151462901226,837.0,648.0,868.0,449.0,369.3108569482329,545.0,697.4769828016933,1000.0
1.0,0.0,978.0,825.0,888.0,280.0,128.3232495560744,943.0,0.0,284.0
0.0,427.30166243713415,427.0,906.0,16.0,353.0,0.0,198.0,91.43561682973206,323.0
0.0,0.0,969.0,652.0,116.0,606.0,274.9807594384899,27.0,0.0,219.0
1.0,263.14228988028975,103.0,902.0,683.0,424.0,232.8981734191243,147.0,121.563443586175,972.0
2.0,328.8270807990132,636.0,900.0,970.0,524.0,46.504876567123986,834.0,745.9205469906206,694.0
1.0,962.1740482255722,569.0,98.0,370.0,924.0,230.19332956702718,280.0,651.5031086565597,696.0
2.0,374.0132769915388,713.0,859.0,705.0,743.0,672.836628397141,697.0,140.52180664745555,187.0
0.0,0.0,164.0,717.0,42.0,353.0,301.8776610881501,456.0,0.0,597.0
0.0,0.0,3.0,140.0,196.0,471.0,158.42084176517292,164.0,0.0,489.0
2.0,807.5544721536826,50.0,755.0,766.0,409.0,734.466539893651,982.0,223.40944880042392,944.0
0.0,0.0,980.0,680.0,576.0,921.0,217.43459975772916,716.0,112.64004707355876,547.0
0.0,0.0,23.0,165.0,160.0,783.0,0.0,748.0,401.9344192980089,334.0
1.0,269.50028873472513,357.0,180.0,209.0,514.0,655.3362611056128,394.0,213.2819719702243,361.0
0.0,191.85849956065346,657.0,769.0,718.0,497.0,0.0,252.0,22.45134161225166,624.0
1.0,0.0,366.0,442.0,637.0,638.0,128.3242227802153,854.0,243.7989875863189,94.0
0.0,0.0,807.0,347.0,527.0,284.0,0.0,155.0,335.07153264693744,72.0
0.0,36.86802381573218,51.0,906.0,748.0,643.0,0.0,378.0,214.8861194419206,560.0
1.0,284.8554793462057,992.0,973.0,76.0,347.0,464.2939793088873,319.0,104.06064714559136,15.0
2.0,632.3791964884256,552.0,85.0,612.0,415.0,133.33272272462116,480.0,742.0262957505807,744.0
1.0,364.37805033533874,955.0,968.0,777.0,276.0,459.16981243074554,426.0,365.2258133080319,128.0
1.0,193.48130099209075,336.0,535.0,824.0,936.0,0.0,518.0,639.811616182355,715.0
0.0,0.0,742.0,488.0,762.0,399.0,408.4278741786524,33.0,0.0,966.0
1.0,351.93520025824193,913.0,567.0,117.0,569.0,29.4190338230574,769.0,0.0,972.0
1.0,600.4451348500213,718.0,787.0,998.0,520.0,430.4921855829735,739.0,262.3874008628773,814.0
2.0,744.3004538393261,419.0,440.0,378.0,354.0,628.68545397288,773.0,1000.0,187.0
2.0,575.8602398047013,205.0,196.0,271.0,990.0,1000.0,452.0,706.4275560248,579.0
1.0,11.314270545613066,898.0,775.0,37.0,484.0,767.9191087138151,246.0,60.603452186117124,281.0
2.0,83.03609981023607,800.0,597.0,684.0,820.0,219.9236257778865,871.0,504.67195388683075,903.0
0.0,33.864106411025844,238.0,338.0,332.0,563.0,149.11860752050123,264.0,0.0,9.0
0.0,242.50266128241083,150.0,126.0,720.0,8.0,80.39439771919206,118.0,215.76425132859643,572.0
1.0,515.120414050391,936.0,92.0,613.0,404.0,733.527683014373,758.0,250.3666374951659,903.0
1.0,0.0,937.0,434.0,811.0,12.0,382.57323484181285,74.0,682.0298706223911,833.0
2.0,183.77880235269,165.0,639.0,743.0,524.0,376.4922593865062,492.0,107.47667513986548,704.0
2.0,557.9317699161656,571.0,228.0,597.0,898.0,0.0,727.0,302.0816677176538,83.0
0.0,421.17950233959556,197.0,563.0,853.0,669.0,559.4552591077075,252.0,406.5150761458879,15.0
2.0,288.7347783848953,947.0,610.0,221.0,277.0,559.3924272282396,482.0,444.83333086834267,488.0
0.0,0.0,978.0,943.0,9.0,66.0,0.0,562.0,408.25706824167355,201.0
0.0,0.0,791.0,744.0,964.0,838.0,472.4124835421944,270.0,0.0,214.0
2.0,1000.0,504.0,103.0,134.0,674.0,974.4130751168834,48.0,902.6667518275566,451.0
1.0,414.46506675031907,290.0,234.0,958.0,581.0,410.9985493780005,318.0,395.7295626222631,544.0
1.0,168.72207091340246,215.0,497.0,329.0,636.0,322.80361152579246,928.0,554.8773154983198,829.0
2.0,374.86762526878834,377.0,347.0,86.0,240.0,760.2840869702148,850.0,392.93676251332715,408.0
2.0,0.0,949.0,553.0,417.0,829.0,812.4184948355609,172.0,656.4093158858076,833.0
0.0,0.0,4.0,36.0,34.0,447.0,0.0,94.0,387.81616611406827,562.0
1.0,608.8425277381588,906.0,226.0,646.0,581.0,93.8676209071536,325.0,0.0,905.0
2.0,439.24664539916245,841.0,132.0,125.0,126.0,124.78968139394217,993.0,249.34111263765547,974.0
2.0,1000.0,600.0,316.0,86.0,305.0,228.42881414485052,862.0,0.0,162.0
2.0,736.7886705910342,348.0,450.0,261.0,434.0,639.2451407585603,124.0,676.6776020283023,40.0
0.0,598.0142584401272,850.0,197.0,652.0,571.0,0.0,494.0,0.0,336.0
0.0,185.8823544291694,66.0,119.0,487.0,30.0,0.0,733.0,93.16008928679848,198.0
0.0,528.7548733180228,243.0,383.0,67.0,432.0,0.0,623.0,0.0,60.0
2.0,785.9653139445954,340.0,384.0,374.0,552.0,335.8765128215307,756.0,742.2150985848415,469.0
1.0,797.3258028335647,492.0,133.0,576.0,661.0,380.92947266707773,204.0,247.45392381870815,473.0
0.0,238.7200600659384,725.0,92.0,411.0,358.0,0.0,438.0,587.1368006798218,123.0
2.0,360.15931411406666,215.0,172.0,346.0,232.0,715.7145856113304,882.0,262.0106325249167,792.0
2.0,271.8242724077448,668.0,590.0,871.0,122.0,1000.0,629.0,392.5146299039816,351.0
2.0,434.0335713555375,354.0,735.0,959.0,155.0,542.9637025284288,610.0,624.3370064461053,515.0
1.0,0.0,156.0,913.0,36.0,707.0,271.6010090658739,908.0,249.86743343782922,411.0
0.0,213.25789337894165,3.0,82.0,982.0,931.0,0.0,667.0,141.73181684152533,267.0
2.0,806.0406610590974,624.0,332.0,650.0,819.0,247.48073459648396,282.0,4.544149038743871,2.0
1.0,354.6875625354537,309.0,141.0,225.0,470.0,424.63325184591145,961.0,322.68166183054467,198.0
0.0,83.98214463975046,743.0,261.0,433.0,590.0,0.0,205.0,0.0,139.0
0.0,107.13716544543878,215.0,757.0,272.0,861.0,368.3635104812807,653.0,0.0,998.0
2.0,222.27642104726038,530.0,635.0,381.0,325.0,413.05599386601403,384.0,608.5517880347401,653.0
1.0,176.04365802912864,159.0,244.0,795.0,147.0,492.1621390844959,46.0,665.2373074954179,383.0
1.0,430.7584852311957,973.0,299.0,963.0,262.0,0.0,334.0,0.0,537.0
2.0,606.109094707779,140.0,394.0,590.0,507.0,709.5466347702412,615.0,240.11639322758285,684.0
2.0,589.7185439408871,67.0,859.0,992.0,497.0,956.4465309100344,156.0,0.0,700.0
2.0,698.4503699073795,14.0,607.0,402.0,285.0,195.3158420115346,624.0,406.5350996340451,935.0
0.0,0.0,485.0,277.0,36.0,887.0,364.8383632175366,875.0,211.85619643885093,106.0
1.0,179.09834696944216,824.0,622.0,940.0,651.0,149.11363289881857,50.0,110.0295175260045,741.0
2.0,314.9135055004329,100.0,332.0,389.0,777.0,510.2405822094769,951.0,351.78777978858216,775.0
2.0,301.2901580490891,638.0,401.0,121.0,642.0,132.63260556536957,488.0,180.39505866991487,92.0
0.0,0.0,459.0,249.0,835.0,791.0,15.453410278723656,349.0,0.0,107.0
0.0,103.95819712915291,591.0,540.0,271.0,823.0,172.56941421780036,374.0,0.0,804.0
1.0,0.0,708.0,893.0,663.0,81.0,578.5920180206946,95.0,238.04769405064474,773.0
2.0,786.7757426275501,411.0,141.0,527.0,31.0,90.14471331245736,405.0,823.9443994554829,469.0
0.0,371.26008939524644,422.0,401.0,420.0,629.0,0.0,743.0,50.2560532988993,643.0
2.0,808.2439900688961,255.0,982.0,251.0,209.0,1000.0,273.0,873.3422693076983,930.0
2.0,973.4524615586668,339.0,602.0,859.0,930.0,457.90564614930025,406.0,521.2193843345229,181.0
0.0,22.1255422906421,862.0,182.0,912.0,394.0,0.0,24.0,0.0,181.0
1.0,193.67188603951072,506.0,195.0,499.0,787.0,269.4852031822951,264.0,482.16303678284936,582.0
2.0,725.6884591287535,753.0,442.0,447.0,363.0,710.4582553156955,714.0,102.92022649764871,363.0
1.0,301.3379413426421,794.0,775.0,2.0,93.0,0.0,27.0,191.79781304215823,965.0
0.0,178.13229191099168,989.0,58.0,568.0,773.0,286.8561367954208,247.0,0.0,442.0
2.0,315.72812126740246,110.0,917.0,811.0,358.0,648.4495481975403,870.0,720.9374387582423,802.0
2.0,1000.0,628.0,203.0,60.0,959.0,383.64782554799837,343.0,689.7166004087778,707.0
2.0,360.4603803419345,570.0,192.0,973.0,852.0,551.6278855652974,49.0,291.89531435613947,67.0
1.0,435.562143110537,626.0,424.0,805.0,248.0,0.0,362.0,261.14704492393923,836.0
1.0,52.21294196609992,240.0,322.0,337.0,231.0,0.0,856.0,0.0,138.0
2.0,644.6252071369304,857.0,534.0,561.0,687.0,932.2854917575902,86.0,439.77818056186254,890.0
2.0,193.57496732177725,844.0,920.0,301.0,473.0,1000.0,127.0,992.1157695562202,204.0
0.0,349.4306480103748,538.0,3.0,901.0,261.0,0.0,914.0,362.087074825169,412.0
1.0,70.32716060024488,61.0,99.0,550.0,234.0,407.9428782705843,200.0,132.60116781071503,96.0
1.0,77.85286372336675,436.0,269.0,423.0,315.0,614.4086677234995,595.0,37.28842913926793,768.0
1.0,0.0,208.0,798.0,914.0,537.0,76.11198946889775,143.0,411.7844262360675,420.0
2.0,549.2299956308923,948.0,127.0,494.0,373.0,202.3456036115374,828.0,903.3571594714402,307.0
0.0,0.0,594.0,919.0,312.0,126.0,67.04184221487823,989.0,540.4862037591947,110.0
0.0,345.30051275892134,224.0,622.0,84.0,673.0,412.4633786468712,814.0,0.0,985.0
0.0,0.0,49.0,909.0,200.0,203.0,154.70711808716345,108.0,43.49602230842142,171.0
1.0,289.15840801734765,88.0,156.0,562.0,153.0,621.4441068497148,948.0,769.7595670850498,427.0
1.0,196.81868192083135,864.0,648.0,118.0,300.0,128.07074370691112,770.0,413.2333991539584,650.0
1.0,344.10331024066625,96.0,747.0,115.0,769.0,458.8109412131089,764.0,268.37590179937416,208.0
1.0,748.5366188263113,764.0,571.0,202.0,367.0,443.0004876989884,513.0,935.395925967718,422.0
0.0,382.35578547477724,406.0,519.0,191.0,428.0,83.93304985327441,327.0,0.0,836.0
1.0,220.5227414022819,736.0,304.0,607.0,465.0,241.00479191562115,204.0,323.375609922567,30.0
2.0,764.518879410833,601.0,467.0,51.0,342.0,243.6171418848898,879.0,302.08854547310676,371.0
1.0,423.51115187401206,3.0,893.0,602.0,38.0,574.0858852602173,89.0,211.4154654594142,134.0
2.0,1000.0,464.0,229.0,219.0,648.0,394.23329921911727,861.0,466.050061452013,34.0
1.0,196.9756194830889,156.0,634.0,222.0,521.0,0.0,302.0,172.93898532819674,284.0
2.0,777.99652512699,750.0,418.0,939.0,102.0,705.2452271025185,900.0,1000.0,561.0
2.0,842.2568544467836,586.0,728.0,941.0,658.0,184.26576237544302,700.0,151.91514444631878,501.0
2.0,1000.0,30.0,268.0,783.0,365.0,513.51946392762,311.0,636.1926537176139,213.0
2.0,515.6408831078104,274.0,918.0,693.0,545.0,1000.0,782.0,804.1063775459834,236.0
0.0,359.152370740658,621.0,71.0,139.0,125.0,366.68734764929576,168.0,136.5238292769579,313.0
2.0,1000.0,574.0,352.0,817.0,874.0,557.4168732746646,569.0,387.460744949507,387.0
1.0,605.3610217082418,287.0,828.0,741.0,170.0,805.0832300200676,84.0,16.602269742061416,572.0
0.0,149.74682451269317,563.0,684.0,739.0,925.0,0.0,239.0,98.08657297916766,569.0
1.0,212.09686657293676,175.0,204.0,805.0,277.0,429.95455855696844,894.0,758.5388455026307,639.0
2.0,83.67524259773803,420.0,967.0,295.0,344.0,509.9605402853102,460.0,85.82426280748916,892.0
2.0,409.19666458202636,541.0,673.0,119.0,725.0,1000.0,920.0,883.9337124903,351.0
1.0,426.0210866268295,605.0,286.0,0.0,127.0,413.34448921762714,792.0,261.21630081581577,145.0
0.0,0.0,838.0,93.0,721.0,180.0,0.0,311.0,98.96491036635425,138.0
1.0,781.8646431510053,255.0,242.0,661.0,281.0,0.0,769.0,378.93082809328513,885.0
2.0,415.10482175174207,455.0,736.0,98.0,99.0,369.3348488650692,900.0,695.6169540664793,129.0
1.0,457.666892830165,798.0,59.0,931.0,936.0,843.3758963096107,566.0,0.0,742.0
0.0,0.0,893.0,687.0,603.0,324.0,0.0,675.0,616.2369109782303,506.0
2.0,744.1677609893019,132.0,452.0,649.0,416.0,399.8064963044451,169.0,438.3875001620319,929.0
1.0,144.0013239876985,691.0,240.0,70.0,345.0,243.74671280836262,73.0,0.0,850.0
0.0,738.1440534679272,116.0,808.0,47.0,748.0,336.551063597361,899.0,0.0,606.0
1.0,486.3893809865433,533.0,573.0,548.0,349.0,0.0,252.0,187.5804123030995,49.0
2.0,770.4448010901239,582.0,131.0,470.0,78.0,390.7567138133534,704.0,165.0609942968325,603.0
1.0,416.6196775473669,172.0,901.0,118.0,971.0,49.5453854454452,467.0,0.0,617.0
1.0,355.5313414834507,23.0,36.0,921.0,491.0,522.2289005796138,652.0,248.26689504133333,112.0
0.0,0.0,916.0,392.0,219.0,746.0,130.7303637525097,916.0,0.0,63.0
0.0,458.2111794147493,584.0,225.0,271.0,910.0,0.0,170.0,124.04410598450819,399.0
0.0,32.47350851290525,608.0,74.0,695.0,254.0,261.4187163797767,80.0,0.0,369.0
1.0,225.04629598769512,744.0,66.0,838.0,466.0,646.921853103241,429.0,0.0,377.0
0.0,0.0,197.0,87.0,679.0,81.0,47.15041312848591,738.0,0.0,977.0
2.0,496.0467191647149,599.0,747.0,850.0,832.0,630.3395846202169,355.0,19.895126311803963,346.0
2.0,1000.0,245.0,128.0,929.0,328.0,398.70667774159114,214.0,33.72474404761655,230.0
2.0,680.8353046189443,314.0,210.0,194.0,670.0,211.6604058353736,90.0,0.0,979.0
2.0,442.337158748484,721.0,324.0,900.0,308.0,607.4821258551575,722.0,378.3347134891527,155.0
1.0,376.343065004164,837.0,4.0,269.0,757.0,753.7179066505527,24.0,44.30757502642726,271.0
0.0,61.97119475145121,858.0,149.0,886.0,742.0,21.782875729952554,972.0,0.0,662.0
2.0,716.8565774415316,858.0,116.0,251.0,621.0,472.0035169202857,929.0,649.3475784516669,194.0
2.0,646.33938699108,269.0,562.0,308.0,328.0,591.430007998427,336.0,655.2471810405634,502.0
0.0,0.0,537.0,802.0,577.0,228.0,96.7560297357924,205.0,151.08939894302887,790.0
0.0,553.0358825826548,115.0,956.0,820.0,76.0,0.0,206.0,0.0,930.0
1.0,459.7486972815819,91.0,411.0,205.0,543.0,765.4546983473001,422.0,661.2726938701571,820.0
0.0,190.4796561988842,285.0,123.0,976.0,498.0,0.0,850.0,142.2700005725844,209.0
1.0,243.00735509861184,507.0,847.0,5.0,746.0,243.79422396932546,309.0,0.0,779.0
1.0,704.0016267646313,745.0,619.0,895.0,734.0,336.749672277783,767.0,200.22587899485632,643.0
1.0,743.5186258640172,855.0,769.0,919.0,675.0,607.2108073054856,44.0,574.0587903235181,858.0
1.0,380.34624623315347,561.0,815.0,730.0,720.0,136.21243024992017,93.0,208.12757333672062,984.0
0.0,34.5539228501184,702.0,970.0,861.0,684.0,259.01451891252293,126.0,302.6362916234218,424.0
1.0,0.0,892.0,148.0,791.0,508.0,440.40571102311173,589.0,0.0,196.0
2.0,178.1467457106413,431.0,65.0,57.0,358.0,487.0742861646598,675.0,611.6849404812049,667.0
2.0,730.3068900383525,230.0,432.0,26.0,299.0,6.18374628464932,323.0,520.0647231015604,116.0
2.0,731.4225012598869,472.0,377.0,364.0,407.0,0.0,639.0,822.9767549140903,732.0
2.0,673.9984470225286,704.0,610.0,163.0,808.0,373.8026437689194,386.0,309.39337330876765,350.0
2.0,698.7908785136123,397.0,183.0,634.0,222.0,890.8239958806276,189.0,662.9549348003969,407.0
2.0,175.12267776699224,3.0,154.0,95.0,906.0,547.916499368127,618.0,658.6302740934757,931.0
2.0,727.6496148225579,846.0,395.0,442.0,955.0,779.4392382490723,671.0,827.882101188698,152.0
0.0,0.0,50.0,811.0,255.0,669.0,158.68955706416074,932.0,70.65608749480138,884.0
0.0,184.70906998237143,721.0,150.0,272.0,223.0,3.2848778703833497,204.0,268.47174485060265,70.0
0.0,367.3769101160757,332.0,351.0,847.0,637.0,366.5090365241061,876.0,0.0,116.0
1.0,0.0,581.0,880.0,902.0,506.0,465.2458691285585,232.0,362.8631371789479,300.0
2.0,417.52076880991604,818.0,788.0,228.0,248.0,31.586775208889332,179.0,956.1654478915849,405.0
1.0,0.0,894.0,651.0,765.0,253.0,297.6025051962618,431.0,0.0,402.0
0.0,0.0,613.0,74.0,887.0,945.0,539.1988164364013,543.0,0.0,812.0
0.0,0.0,361.0,75.0,123.0,37.0,0.0,799.0,92.8227641569275,849.0
0.0,0.2508289898276649,911.0,962.0,694.0,721.0,0.0,704.0,0.0,587.0
1.0,0.0,330.0,93.0,572.0,81.0,205.24651152154576,843.0,237.43405732896545,244.0
2.0,295.23048826859997,320.0,302.0,30.0,6.0,573.445783242599,889.0,701.0132458739258,661.0
2.0,548.5635477766897,937.0,798.0,545.0,999.0,186.3936697087151,957.0,335.6883121419234,8.0
1.0,0.0,918.0,751.0,520.0,392.0,99.3907026428215,950.0,0.0,379.0
2.0,689.8342906986489,123.0,801.0,259.0,762.0,663.4885760512649,600.0,1000.0,365.0
1.0,503.4309806899116,313.0,885.0,282.0,880.0,0.0,78.0,273.9349381220043,277.0
1.0,474.35914985767477,285.0,524.0,161.0,836.0,441.54827806562656,179.0,389.06335619201843,691.0
2.0,647.3782644061827,206.0,426.0,465.0,881.0,413.7697472505338,751.0,726.3818689575072,966.0
0.0,1.9923250178436387,533.0,389.0,945.0,161.0,0.0,307.0,659.1674356067249,369.0
2.0,713.1023532738345,202.0,398.0,336.0,840.0,538.736410288473,815.0,747.6077787265983,260.0
1.0,767.4533498306682,936.0,984.0,681.0,786.0,0.0,198.0,0.0,717.0
1.0,360.1144931495787,28.0,6.0,701.0,923.0,542.6911033961336,180.0,270.6689331526138,547.0
1.0,225.16647769854896,955.0,899.0,528.0,982.0,0.0,198.0,0.0,66.0
2.0,880.4659529520294,969.0,785.0,725.0,452.0,867.8115435278887,504.0,561.9069160853164,88.0
0.0,0.0,721.0,366.0,221.0,79.0,249.50728261943055,55.0,0.0,372.0
0.0,200.2595227599767,588.0,811.0,153.0,914.0,374.80841439082724,506.0,49.15807660561692,0.0
0.0,687.1311508853335,371.0,935.0,99.0,238.0,97.0285580810655,746.0,21.375815743004747,70.0
0.0,0.0,548.0,297.0,246.0,372.0,0.0,179.0,85.21942723052247,83.0
0.0,0.0,942.0,59.0,445.0,486.0,71.28828781080989,652.0,254.8097588245032,275.0
1.0,609.95480389576,522.0,311.0,152.0,144.0,333.27287721102647,908.0,749.8777388000445,2.0
1.0,472.1111411322516,552.0,480.0,305.0,262.0,143.3922355963459,410.0,0.0,558.0
0.0,212.48359887334323,902.0,437.0,211.0,269.0,0.0,577.0,50.83953607241231,186.0
1.0,146.51050362713346,302.0,426.0,37.0,652.0,179.5677172788126,246.0,109.34194543000655,39.0
1.0,430.4098275352858,351.0,340.0,153.0,957.0,243.6700489439772,990.0,0.0,955.0
1.0,17.451033961171422,946.0,878.0,45.0,737.0,241.31181456818194,927.0,0.0,156.0
2.0,769.9809580028316,750.0,542.0,207.0,627.0,681.4943801467391,798.0,645.2179383321277,818.0
1.0,496.5341602825044,123.0,0.0,521.0,93.0,513.7026087415137,167.0,0.0,321.0
1.0,328.9941659165975,741.0,152.0,73.0,925.0,0.0,201.0,415.4830515536409,436.0
1.0,499.8888854880036,587.0,104.0,992.0,333.0,0.0,762.0,733.4682778478979,344.0
1.0,764.9519112930753,364.0,540.0,227.0,52.0,56.37530477754596,481.0,369.79437923979333,440.0
2.0,527.2877307468252,63.0,785.0,978.0,529.0,391.53278877625877,912.0,785.2519302293213,816.0
2.0,732.4067057267114,292.0,944.0,152.0,787.0,419.80287355162585,375.0,704.4803286823463,626.0
0.0,0.0,184.0,393.0,246.0,87.0,0.0,699.0,0.0,190.0
0.0,0.0,883.0,311.0,651.0,925.0,188.36961660683173,427.0,163.49052863698563,455.0
1.0,59.56522340679427,589.0,444.0,252.0,120.0,530.4541904776993,984.0,307.5747936517849,349.0
1.0,312.11637668137735,973.0,548.0,460.0,245.0,828.044307270542,925.0,450.4828696378983,641.0
2.0,303.8195627120266,244.0,368.0,544.0,307.0,495.2630837753743,594.0,499.8824939908238,212.0
2.0,339.84143590931785,506.0,166.0,556.0,983.0,208.5211037574147,964.0,107.91105789315803,740.0
2.0,1000.0,920.0,703.0,524.0,748.0,0.0,958.0,482.9429674434082,375.0
2.0,616.256024460204,731.0,958.0,859.0,330.0,368.317675526871,932.0,0.0,947.0
1.0,0.0,70.0,399.0,910.0,559.0,0.0,938.0,237.8779883064619,229.0
0.0,0.0,131.0,482.0,194.0,784.0,341.48583038525084,702.0,276.81784362169714,50.0
2.0,285.745680918496,536.0,199.0,491.0,424.0,613.6654999035536,350.0,387.97949458096485,769.0
2.0,275.0813063120045,188.0,298.0,795.0,457.0,418.7673809945791,137.0,266.1862758658152,357.0
0.0,0.0,445.0,381.0,671.0,851.0,128.84055798838315,997.0,801.8459698250601,492.0
2.0,648.5436116695215,67.0,875.0,6.0,359.0,470.3516905474511,712.0,153.66386596977736,160.0
1.0,90.58774557611676,677.0,504.0,673.0,909.0,903.8018670473361,207.0,309.24648056004895,453.0
1.0,810.1204478752481,231.0,973.0,158.0,85.0,478.3637327799543,250.0,26.203523240299525,835.0
2.0,644.2892230657628,486.0,447.0,978.0,873.0,591.2730618298219,979.0,77.31465806175783,965.0
0.0,390.8953647827871,304.0,549.0,763.0,653.0,0.0,983.0,10.710692045042768,862.0
2.0,580.90608019778,562.0,280.0,341.0,37.0,259.07166087894313,871.0,337.55693357318097,515.0
1.0,69.21745620275813,699.0,459.0,68.0,808.0,317.0426538913642,343.0,145.01437349932112,651.0
2.0,817.297022359078,863.0,146.0,150.0,346.0,552.6446891811676,285.0,520.7904010550568,398.0
2.0,605.2851003483653,725.0,238.0,518.0,865.0,1000.0,618.0,845.0286368683238,685.0
2.0,648.1575728992434,422.0,590.0,28.0,498.0,612.5649908497304,474.0,569.4764853022701,241.0
2.0,698.16374364007,122.0,707.0,820.0,224.0,660.50358070299,911.0,148.90668701636054,893.0
2.0,369.1986544791118,653.0,871.0,873.0,295.0,771.027423748665,45.0,303.110788717219,788.0
2.0,704.5918986974455,46.0,935.0,55.0,113.0,474.1635540320096,673.0,435.83936691585524,124.0
0.0,712.3833185791641,892.0,360.0,453.0,489.0,156.5271287906612,945.0,0.0,727.0
2.0,233.5331950157105,931.0,754.0,797.0,104.0,220.23440806190422,49.0,626.4836624167294,104.0
2.0,616.2007630368607,207.0,518.0,150.0,837.0,549.5701998948397,852.0,870.5271594251923,388.0
2.0,1000.0,538.0,992.0,499.0,666.0,602.4536673396676,429.0,308.53650373905367,665.0
1.0,0.0,376.0,482.0,786.0,812.0,467.4206173265201,921.0,0.0,156.0
1.0,0.0,780.0,749.0,281.0,687.0,488.68783049066826,689.0,157.39045486712678,648.0
1.0,139.7674619796764,648.0,695.0,27.0,982.0,208.9880525695159,312.0,146.28820780980243,480.0
2.0,529.715341034424,605.0,989.0,352.0,722.0,1000.0,124.0,289.5695077184735,91.0
0.0,128.12674912895167,195.0,301.0,318.0,705.0,281.45760335285246,352.0,0.0,168.0
1.0,212.55494190830842,604.0,572.0,379.0,572.0,120.92364401436856,926.0,545.0769527976322,132.0
1.0,0.0,345.0,904.0,346.0,710.0,346.97100018026106,757.0,965.0275144281629,727.0
0.0,0.0,201.0,598.0,781.0,658.0,0.0,393.0,0.0,488.0
0.0,110.57245283595061,726.0,316.0,200.0,353.0,473.3344961030154,901.0,0.0,687.0
2.0,244.75627294539404,111.0,820.0,763.0,451.0,610.0285142662456,24.0,726.3659199982787,368.0
2.0,582.8693908458636,230.0,919.0,842.0,107.0,554.7739877763432,335.0,941.1611486113482,549.0
0.0,0.0,14.0,521.0,0.0,8.0,61.6161479677173,22.0,26.8828308828264,323.0
1.0,421.242997805028,152.0,47.0,125.0,219.0,0.0,23.0,501.4068226433307,775.0
0.0,422.01615265261336,832.0,275.0,770.0,961.0,0.0,667.0,0.0,606.0
0.0,267.6805807935614,263.0,369.0,966.0,909.0,0.0,554.0,616.1722330286437,718.0
0.0,508.44239153756433,13.0,1000.0,992.0,748.0,381.7462446638484,271.0,131.07071901314126,182.0
2.0,622.2327698252434,35.0,71.0,268.0,680.0,590.0080105187016,32.0,535.2998487451605,697.0
0.0,487.45015243304783,102.0,649.0,843.0,102.0,145.0649724502637,706.0,166.2420546495633,14.0
2.0,737.3597657471265,879.0,814.0,776.0,411.0,603.0184077485436,117.0,128.969822775028,577.0
0.0,108.3807232183683,38.0,842.0,791.0,413.0,85.07011850950101,185.0,34.58738881758186,44.0
0.0,298.06752458600886,530.0,279.0,797.0,982.0,0.0,687.0,0.0,846.0
2.0,444.07217048686783,206.0,988.0,489.0,668.0,491.7918069818063,828.0,697.716623371915,67.0
1.0,79.82277090095543,723.0,587.0,276.0,745.0,354.1144694387206,690.0,139.40624072719567,734.0
2.0,1000.0,660.0,276.0,286.0,124.0,915.7627182500371,571.0,908.9507249400801,501.0
2.0,365.69546732090515,776.0,639.0,8.0,742.0,613.4809399902387,855.0,913.5974870839582,811.0
2.0,294.00867091021456,592.0,986.0,430.0,676.0,973.7548767530553,196.0,802.6865956625398,39.0
2.0,1000.0,810.0,476.0,996.0,601.0,768.7819408781833,210.0,84.86754593111527,882.0
2.0,740.40854449287,146.0,88.0,595.0,284.0,934.2618015029053,744.0,268.365125667326,595.0
1.0,212.83531433535921,211.0,842.0,637.0,433.0,347.20965465450695,426.0,270.87466329887883,25.0
2.0,440.9077897877316,825.0,233.0,357.0,236.0,636.835121547644,750.0,435.3196509108401,629.0
2.0,407.83191345452576,778.0,131.0,162.0,812.0,523.8647494066869,428.0,173.35716656856468,384.0
1.0,213.17538603144376,567.0,806.0,474.0,926.0,48.94114283107263,436.0,0.0,518.0
1.0,47.00439368714232,331.0,327.0,952.0,917.0,0.0,782.0,0.0,605.0
1.0,224.15668492010815,153.0,925.0,570.0,609.0,235.7869908709724,706.0,192.93691393582267,257.0
1.0,501.30892331440197,285.0,226.0,661.0,97.0,560.329477962217,719.0,555.5969936110343,215.0
0.0,178.49327306170676,421.0,864.0,362.0,550.0,248.30907849546736,546.0,0.0,154.0
1.0,24.635357604523275,805.0,655.0,773.0,992.0,847.5270315836553,424.0,437.8414580989053,943.0
0.0,44.10581542338193,185.0,659.0,797.0,80.0,540.6332130551419,91.0,0.0,496.0
1.0,317.5902497596909,563.0,97.0,191.0,562.0,0.0,772.0,0.0,159.0
0.0,168.8882782810729,160.0,250.0,616.0,1.0,0.0,691.0,526.690681305495,765.0
2.0,560.5674900442318,280.0,792.0,33.0,164.0,721.8549228307837,298.0,759.2495209273869,103.0
0.0,377.50885775186816,70.0,47.0,908.0,107.0,441.4680787287057,827.0,244.8869171283685,265.0
1.0,415.1214847904907,14.0,345.0,323.0,545.0,12.539482020224748,854.0,604.2008524282973,769.0
1.0,0.0,479.0,844.0,358.0,286.0,283.29747132527194,116.0,338.0282248590655,975.0
2.0,73.58335844470157,876.0,771.0,170.0,138.0,404.50956987499626,422.0,666.3474216827063,310.0
0.0,0.0,727.0,252.0,568.0,340.0,373.6795981882723,709.0,164.53604553508646,271.0
1.0,145.8867334698395,538.0,851.0,111.0,688.0,579.5403057319766,78.0,0.0,374.0
0.0,136.69312147373668,954.0,951.0,983.0,818.0,17.297119216033735,574.0,90.30128068028172,38.0
0.0,769.3868939103334,131.0,815.0,629.0,881.0,312.55585188525066,617.0,0.0,599.0
0.0,0.0,371.0,697.0,495.0,124.0,0.0,601.0,0.0,463.0
0.0,0.0,474.0,552.0,333.0,134.0,0.0,351.0,180.09776421235662,869.0
1.0,499.3165192700892,302.0,17.0,370.0,222.0,626.5262846105903,517.0,377.29161189010046,431.0
2.0,911.9206900631441,972.0,829.0,286.0,567.0,734.9151671774961,97.0,463.83171248282264,422.0
0.0,29.256749262820545,858.0,690.0,925.0,731.0,137.26858968336694,982.0,72.37792259848814,659.0
0.0,0.0,56.0,411.0,993.0,423.0,0.0,976.0,0.0,268.0
1.0,436.3061654711954,884.0,69.0,268.0,141.0,448.9873767291729,956.0,163.1601628629876,396.0
1.0,356.8892412468822,333.0,325.0,742.0,657.0,287.48628379687926,983.0,395.57063610070924,857.0
2.0,789.0523206440056,109.0,547.0,49.0,988.0,835.348169361079,784.0,160.47263831162988,731.0
0.0,0.0,874.0,196.0,436.0,645.0,222.24134908562777,243.0,0.0,970.0
1.0,0.0,148.0,679.0,983.0,77.0,180.50057419439275,442.0,267.868937206539,53.0
0.0,0.0,717.0,784.0,409.0,279.0,0.0,477.0,0.0,221.0
2.0,397.43024126037756,670.0,809.0,143.0,200.0,704.0035099899693,106.0,60.48472499008355,552.0
0.0,0.0,39.0,713.0,849.0,543.0,0.0,656.0,316.93007425543175,582.0
0.0,259.5889923774178,25.0,344.0,642.0,982.0,366.4051443765393,778.0,0.0,962.0
0.0,0.0,531.0,62.0,71.0,727.0,135.28620875677146,439.0,506.4657704793333,702.0
0.0,0.0,20.0,340.0,280.0,158.0,526.8969000564603,133.0,0.0,214.0
1.0,0.0,362.0,281.0,821.0,950.0,307.6930492745928,206.0,119.37045572551382,752.0
2.0,336.8134484940738,429.0,161.0,813.0,310.0,128.95505570885243,418.0,0.0,97.0
0.0,113.84809798559958,301.0,174.0,471.0,480.0,0.0,207.0,0.0,486.0
1.0,459.8892169150414,158.0,634.0,431.0,135.0,234.0344546121901,285.0,0.0,612.0
1.0,315.05335562992525,590.0,295.0,255.0,189.0,72.79945380774417,426.0,0.0,158.0
0.0,0.0,462.0,627.0,184.0,264.0,141.08798454032606,647.0,0.0,76.0
1.0,332.7761913460473,613.0,146.0,922.0,633.0,0.0,8.0,319.3490709049993,182.0
2.0,777.4528432222592,635.0,673.0,38.0,14.0,398.7256592462569,902.0,196.9965039226145,54.0
1.0,376.62139673618884,706.0,522.0,739.0,728.0,324.9079834142388,286.0,239.7158331484744,809.0
0.0,0.0,899.0,997.0,290.0,208.0,0.0,311.0,285.63313916761996,353.0
1.0,975.2199197954895,181.0,972.0,515.0,161.0,47.69572724360097,360.0,197.9471347540462,599.0
1.0,758.8464373542802,895.0,550.0,513.0,180.0,494.4020245603929,909.0,143.84441028742495,238.0
1.0,108.33900181513388,161.0,735.0,329.0,181.0,620.8277841719245,428.0,327.4916785054931,69.0
0.0,108.79231979628756,52.0,920.0,347.0,725.0,0.0,799.0,392.57186550366,17.0
0.0,437.42437001150455,809.0,232.0,102.0,634.0,0.0,657.0,0.0,176.0
0.0,135.74818273515083,470.0,112.0,425.0,125.0,320.0401027384457,160.0,60.174224582467474,769.0
2.0,957.6502165098937,459.0,849.0,879.0,473.0,820.3533726895063,970.0,735.3108689983663,9.0
2.0,420.84240945405094,398.0,346.0,554.0,860.0,899.7290347788827,996.0,461.3382089265409,422.0
1.0,48.58930944081414,769.0,687.0,611.0,953.0,223.20168121664813,39.0,139.4491718405581,948.0
1.0,0.0,597.0,149.0,705.0,930.0,457.4278114258191,205.0,56.88721368252321,900.0
1.0,310.73303959241133,180.0,497.0,321.0,191.0,359.32009281551166,982.0,286.81093501183574,446.0
0.0,363.69987086439704,317.0,333.0,792.0,725.0,433.8645477892104,351.0,655.3932152302829,588.0
2.0,165.45133017851956,841.0,476.0,564.0,953.0,650.163893632565,746.0,31.324022257769364,544.0
2.0,362.71633910624524,991.0,113.0,548.0,470.0,798.4893779167705,5.0,516.8503114005207,313.0
2.0,856.8201825379549,797.0,47.0,602.0,302.0,754.6742647508146,931.0,537.0374841090924,672.0
0.0,39.64105560675045,572.0,729.0,713.0,658.0,218.1721679095508,250.0,0.0,249.0
0.0,329.90625668392494,645.0,193.0,411.0,563.0,25.12953043257448,189.0,0.0,137.0
2.0,367.59672015612045,398.0,65.0,596.0,404.0,443.48002683777395,378.0,531.5131139342545,933.0
1.0,361.6397813172402,894.0,77.0,43.0,376.0,0.0,539.0,469.6649835248841,250.0
1.0,269.14571901775133,45.0,440.0,552.0,219.0,0.0,626.0,451.1923661626846,560.0
2.0,413.87115282303864,117.0,994.0,919.0,854.0,400.32440453983685,885.0,853.4037675569216,946.0
2.0,554.0967400274508,382.0,397.0,946.0,736.0,107.8758286016504,319.0,650.752144498263,435.0
1.0,0.0,789.0,867.0,144.0,280.0,139.96480306768754,326.0,237.9405202496339,279.0
0.0,228.19245709621043,949.0,145.0,684.0,633.0,68.68200660678545,967.0,41.076269203419415,189.0
2.0,7.17113186715133,596.0,869.0,455.0,180.0,510.6912361476577,321.0,546.3704994598099,651.0
2.0,0.0,744.0,905.0,193.0,429.0,635.8715437286943,567.0,634.7804167131693,867.0
2.0,263.596302503851,542.0,972.0,343.0,695.0,331.8114813049454,178.0,1000.0,911.0
2.0,704.8902269117278,685.0,192.0,954.0,955.0,712.7416494258889,402.0,511.4016047567983,672.0
0.0,0.0,35.0,773.0,699.0,946.0,0.0,410.0,79.45668035290637,140.0
0.0,0.0,876.0,824.0,583.0,580.0,390.6624794116819,219.0,586.1778316224661,115.0
2.0,467.6129783505355,340.0,840.0,14.0,718.0,889.1144067752166,672.0,744.7880665243171,944.0
2.0,214.32418163281397,563.0,577.0,464.0,763.0,573.663320377598,135.0,439.85657823073524,762.0
0.0,0.0,790.0,584.0,591.0,872.0,698.828448085145,835.0,528.9653998623886,220.0
1.0,0.0,173.0,553.0,881.0,540.0,60.44528053206213,701.0,640.5259663251396,47.0
2.0,224.29126800271004,901.0,927.0,389.0,938.0,1000.0,172.0,666.9117028524721,628.0
2.0,832.5401800113252,156.0,481.0,576.0,233.0,1000.0,618.0,334.4622971328408,882.0
2.0,533.4090861622338,353.0,841.0,752.0,283.0,875.2662913146788,157.0,0.0,526.0
2.0,169.60622549717937,317.0,722.0,128.0,232.0,1000.0,218.0,931.0994616371099,491.0
2.0,544.5504751418335,548.0,589.0,314.0,850.0,717.8035442272685,776.0,1000.0,735.0
2.0,434.00509344906965,725.0,18.0,643.0,805.0,541.3066196185259,900.0,899.7824823876729,213.0
1.0,156.39906102061934,906.0,493.0,639.0,529.0,293.0116662643003,179.0,0.0,423.0
0.0,443.06186547466706,718.0,158.0,10.0,109.0,153.11311765796268,102.0,328.3463665853908,769.0
1.0,212.51021310430147,834.0,702.0,191.0,437.0,0.0,818.0,0.0,504.0
1.0,0.0,852.0,471.0,403.0,211.0,536.8271968639358,732.0,87.21021371607343,983.0
2.0,265.22807097089685,452.0,441.0,367.0,529.0,846.2538152660807,494.0,330.84890676922987,974.0
2.0,309.7042106904077,731.0,547.0,548.0,805.0,977.1115497540999,511.0,202.37339330582776,379.0
1.0,483.1145851552165,956.0,901.0,594.0,951.0,700.3534258875616,583.0,0.0,502.0
0.0,152.33698235877003,522.0,68.0,234.0,680.0,46.2627548133914,324.0,730.5990638359998,857.0
2.0,708.8946882364055,174.0,808.0,508.0,694.0,266.50565873167307,770.0,374.48094030651237,406.0
0.0,0.0,258.0,298.0,808.0,43.0,0.0,8.0,0.0,216.0
2.0,421.76851481456663,284.0,227.0,105.0,524.0,733.6728521968129,780.0,292.02209682396443,778.0
0.0,228.3645410354732,631.0,15.0,56.0,575.0,0.0,377.0,303.5551598159048,989.0
1.0,0.0,671.0,296.0,346.0,377.0,1000.0,517.0,772.1337099975316,304.0
2.0,957.061666339317,345.0,609.0,220.0,836.0,673.5972326408615,758.0,1000.0,788.0
0.0,0.0,531.0,888.0,265.0,562.0,114.83433188006867,936.0,0.0,628.0
1.0,0.0,89.0,763.0,393.0,18.0,583.3838216577071,240.0,906.8788230434718,814.0
2.0,1000.0,295.0,344.0,744.0,92.0,299.9178510482217,119.0,660.731090400406,313.0
1.0,632.2348797366544,364.0,594.0,851.0,304.0,45.87055549021535,309.0,0.0,703.0
0.0,0.0,62.0,996.0,969.0,556.0,121.46305105444493,134.0,0.0,239.0
0.0,74.94326779887665,38.0,702.0,122.0,766.0,0.0,180.0,2.382768409163378,524.0
2.0,1000.0,566.0,392.0,890.0,826.0,93.15616226873212,536.0,765.0487758602778,67.0
0.0,0.0,82.0,258.0,994.0,567.0,314.03085944673137,300.0,485.48872965655244,210.0
0.0,261.76578893702646,869.0,655.0,579.0,668.0,0.0,119.0,242.7477949016748,803.0
2.0,164.18702170934463,580.0,996.0,811.0,984.0,690.65460427138,84.0,152.13930330062468,144.0
0.0,0.0,401.0,235.0,281.0,474.0,0.0,19.0,0.0,79.0
1.0,700.7379530071431,392.0,747.0,449.0,942.0,166.209970477862,536.0,370.55639544454147,917.0
1.0,234.8741441007013,93.0,450.0,961.0,899.0,0.0,587.0,179.3394923647235,536.0
2.0,0.0,369.0,400.0,958.0,829.0,410.15852683787904,62.0,745.2702009110521,81.0
2.0,717.1825267558713,14.0,816.0,797.0,650.0,537.0659308270973,109.0,979.5597394277977,553.0
0.0,215.68639433207946,518.0,934.0,318.0,648.0,567.146586161587,135.0,0.0,739.0
2.0,405.4074588803793,580.0,949.0,921.0,114.0,335.8466395660958,985.0,424.9496003535652,113.0
2.0,961.5457388430334,144.0,972.0,935.0,814.0,362.6268183563357,197.0,427.36528373225025,687.0
1.0,127.95243323772934,627.0,749.0,796.0,508.0,0.0,328.0,256.4903459541821,88.0
2.0,660.3023404487099,461.0,390.0,83.0,60.0,924.1481803675526,253.0,202.15788906669354,805.0
2.0,416.9742917431718,857.0,589.0,417.0,1.0,428.49011989067856,972.0,629.2811321337653,918.0
1.0,53.33569905275462,173.0,870.0,189.0,324.0,14.148561886787029,970.0,169.94756108581942,174.0
2.0,728.1541569933069,406.0,801.0,181.0,364.0,450.1373659806619,283.0,681.153044650572,678.0
0.0,0.0,939.0,385.0,183.0,790.0,0.0,632.0,462.84437174383254,82.0
0.0,523.5668205680988,870.0,657.0,257.0,869.0,0.0,846.0,64.3376540506904,898.0
2.0,581.0590031024576,356.0,167.0,834.0,195.0,555.5331662490646,640.0,390.0324810757196,726.0
1.0,555.5125103556929,444.0,282.0,646.0,782.0,149.31244751723597,614.0,599.8157603995706,217.0
2.0,636.4899953686639,744.0,769.0,455.0,847.0,826.2285393551182,65.0,1000.0,295.0
2.0,381.2071149780169,351.0,770.0,423.0,47.0,1000.0,395.0,529.548493858849,434.0
0.0,70.38488518187032,202.0,255.0,648.0,58.0,429.06747921172513,933.0,538.0234208417584,568.0
0.0,569.6649351133811,557.0,977.0,540.0,271.0,0.0,629.0,171.9384328753288,46.0
0.0,491.63133980508496,712.0,852.0,726.0,161.0,0.0,586.0,291.32278918316615,443.0
0.0,0.0,250.0,559.0,939.0,289.0,0.0,785.0,0.0,487.0
0.0,0.0,303.0,303.0,803.0,995.0,0.0,892.0,281.97992532324895,28.0
1.0,141.28748685583162,718.0,56.0,871.0,508.0,309.78425321994234,948.0,70.51944681591577,911.0
0.0,0.0,614.0,606.0,4.0,947.0,0.0,854.0,236.84378959857426,148.0
1.0,228.10752525478455,63.0,990.0,693.0,384.0,0.0,157.0,0.0,428.0
0.0,496.0921623078911,404.0,543.0,574.0,426.0,0.0,940.0,277.2077795008814,208.0
1.0,469.38997496384775,138.0,427.0,47.0,97.0,194.4452537641702,409.0,443.64509110742154,951.0
2.0,544.7346784213253,846.0,845.0,357.0,555.0,491.6314456878126,42.0,466.3058449779042,362.0
1.0,166.17203944753268,428.0,193.0,27.0,4.0,667.972850030537,443.0,507.24595372318595,506.0
2.0,221.20713494730717,753.0,289.0,291.0,593.0,0.0,729.0,1000.0,234.0
2.0,461.4230134301751,223.0,382.0,45.0,41.0,726.9790833073265,593.0,462.24811520805747,244.0
0.0,0.0,633.0,242.0,797.0,760.0,720.308097419141,705.0,33.51386769441786,401.0
0.0,91.06694173724895,493.0,906.0,399.0,1000.0,0.0,374.0,0.0,910.0
2.0,909.4021300270704,895.0,223.0,213.0,42.0,502.2594178472929,304.0,892.9797039598661,558.0
1.0,601.2245786478999,560.0,54.0,835.0,762.0,393.53540134129065,623.0,239.90729877210717,532.0
2.0,347.57698842216377,251.0,696.0,184.0,728.0,809.8946997341297,759.0,548.8304808838028,602.0
0.0,0.0,773.0,191.0,563.0,756.0,733.3492395124541,422.0,414.4722873080009,912.0
1.0,0.0,626.0,647.0,378.0,12.0,0.0,995.0,523.0275721290334,465.0
2.0,440.53051347704206,978.0,131.0,658.0,645.0,442.34941594870924,762.0,523.5137902247462,539.0
1.0,92.21121710702734,230.0,154.0,726.0,467.0,96.4961672853053,531.0,192.60311651401946,684.0
1.0,0.0,90.0,242.0,883.0,979.0,0.0,235.0,375.28664247155626,62.0
1.0,37.45605631105947,665.0,184.0,431.0,116.0,0.0,908.0,540.4768643922143,487.0
1.0,60.0366319410242,997.0,512.0,430.0,844.0,460.9765998302175,264.0,728.1489076056185,298.0
0.0,0.0,531.0,418.0,855.0,32.0,352.66893395121275,98.0,0.0,310.0
2.0,664.5317650940191,544.0,836.0,765.0,312.0,705.5943912037166,149.0,414.91745756165943,993.0
0.0,937.0216343665846,698.0,774.0,804.0,910.0,63.355656198354204,429.0,759.3152946188559,135.0
0.0,0.0,592.0,631.0,498.0,192.0,0.0,892.0,0.0,367.0
2.0,857.3171114971042,611.0,334.0,139.0,195.0,256.80379166766994,914.0,16.84731123965119,248.0
0.0,0.0,787.0,154.0,709.0,682.0,448.3673623212156,392.0,0.0,196.0
2.0,740.5141885832215,394.0,81.0,357.0,209.0,610.0316893748254,254.0,373.28463638315645,633.0
0.0,367.6112856228784,492.0,441.0,360.0,901.0,191.64100439690782,685.0,32.37245575152945,768.0
0.0,303.4766244562103,980.0,471.0,508.0,607.0,292.939666160457,299.0,448.56417316863156,668.0
2.0,771.2547536675696,541.0,817.0,604.0,376.0,0.0,888.0,337.6696096304249,981.0
2.0,659.0194180666049,694.0,605.0,232.0,772.0,379.86094313405334,877.0,29.93139122927242,902.0
1.0,626.4234333248531,919.0,747.0,525.0,142.0,51.39905018818242,578.0,676.7072634974047,736.0
1.0,510.26903938427785,419.0,964.0,704.0,756.0,561.5879402254462,326.0,11.935952303463775,301.0
1.0,566.0430775879382,456.0,75.0,628.0,766.0,0.0,593.0,514.0916065728876,490.0
1.0,0.0,439.0,354.0,738.0,46.0,0.0,145.0,253.4790222191519,57.0
1.0,311.62259247766826,972.0,897.0,116.0,634.0,235.50723408916437,195.0,214.97298359269652,4.0
1.0,453.4150114581538,363.0,998.0,87.0,169.0,0.0,684.0,656.7030814205729,128.0
1.0,544.0473710839675,67.0,301.0,41.0,186.0,261.67469073241523,252.0,3.234442309630525,417.0
2.0,847.8762131976654,181.0,720.0,844.0,949.0,588.83182130551,985.0,852.9390123711448,936.0
0.0,335.0125689072746,883.0,621.0,744.0,497.0,43.9712761576423,735.0,0.0,959.0
0.0,367.26406104871864,469.0,110.0,797.0,811.0,1.6304234303648775,444.0,179.3839074156528,296.0
2.0,656.1651612479908,260.0,282.0,200.0,521.0,568.5159123246776,838.0,72.43542068368761,878.0
2.0,554.9624429394629,998.0,149.0,42.0,266.0,440.7983305548352,510.0,114.30725185435834,144.0
2.0,268.74171602156815,449.0,93.0,168.0,977.0,0.0,258.0,424.2331763077269,848.0
2.0,668.5593223187692,883.0,31.0,1.0,805.0,210.1396862173826,727.0,140.4639261564664,710.0
0.0,161.3125967786226,134.0,620.0,693.0,931.0,651.5243808205079,438.0,0.0,90.0
0.0,0.0,22.0,300.0,927.0,585.0,261.37726319714255,316.0,450.42886555333894,902.0
2.0,1000.0,576.0,672.0,777.0,419.0,775.6911138875049,22.0,706.7716915865827,325.0
0.0,23.70715797055895,899.0,424.0,14.0,784.0,0.0,492.0,151.86798915241246,340.0
1.0,610.6593673449065,538.0,903.0,377.0,747.0,302.01082591466985,680.0,0.0,971.0
1.0,263.90376866940835,312.0,157.0,725.0,744.0,363.95733983090895,878.0,544.2149149929617,407.0
2.0,430.32819801871267,915.0,623.0,923.0,202.0,520.8639327056782,227.0,791.745536029064,664.0
0.0,110.71045024242437,748.0,832.0,193.0,836.0,448.4175119963704,245.0,0.0,429.0
1.0,137.61530310316346,630.0,633.0,58.0,237.0,0.0,238.0,317.7040310002482,749.0
2.0,794.0661970473751,758.0,520.0,72.0,664.0,467.4953618640899,526.0,563.7677916303676,155.0
2.0,1000.0,535.0,579.0,851.0,600.0,7.599824186236371,899.0,890.2864834107671,109.0
0.0,219.4999237537822,770.0,674.0,527.0,989.0,58.741195333285184,741.0,233.92316563535277,51.0
1.0,548.4012093955259,149.0,153.0,66.0,277.0,0.0,796.0,0.0,960.0
0.0,102.98102446699575,637.0,461.0,75.0,816.0,41.761780637838825,275.0,0.0,35.0
1.0,17.45420372386803,348.0,929.0,532.0,727.0,682.3224728293956,582.0,413.7433544271744,418.0
0.0,0.0,586.0,793.0,133.0,717.0,0.0,747.0,0.0,272.0
2.0,609.0319054902901,865.0,543.0,766.0,184.0,509.02543449946546,466.0,409.35507705801285,24.0
1.0,198.68610781339356,59.0,196.0,866.0,734.0,295.1968339038923,828.0,83.18644141649983,394.0
0.0,0.0,482.0,868.0,936.0,589.0,0.0,77.0,0.0,878.0
1.0,810.7737748220742,19.0,869.0,676.0,980.0,448.41293088147484,147.0,0.0,587.0
1.0,1000.0,676.0,858.0,833.0,475.0,202.60863450246882,839.0,0.0,612.0
1.0,141.13281767873715,769.0,521.0,866.0,18.0,4.868763954802661,549.0,262.88744676085435,687.0
0.0,0.0,494.0,598.0,415.0,290.0,0.0,381.0,503.69650908657195,366.0
2.0,252.75013522951056,265.0,786.0,397.0,276.0,817.1476357431392,956.0,256.23712273055344,326.0
2.0,610.8800830931687,320.0,561.0,763.0,593.0,395.30082515052425,622.0,532.6827678859726,763.0
1.0,97.31255676801932,422.0,586.0,640.0,638.0,347.85097059921264,263.0,424.49261296534814,359.0
2.0,136.10709555278873,837.0,425.0,239.0,492.0,441.94462734910763,701.0,583.1106920704437,184.0
1.0,0.0,88.0,848.0,638.0,187.0,736.4143484536562,744.0,0.0,197.0
1.0,495.5447734793912,794.0,375.0,697.0,344.0,315.02107772387154,130.0,87.19227374527992,477.0
0.0,280.7055636274184,790.0,668.0,923.0,205.0,0.0,248.0,200.2037198982985,599.0
1.0,63.89282175520035,810.0,324.0,736.0,189.0,71.00720030390274,781.0,736.9690360173694,215.0
0.0,457.73520185535295,871.0,780.0,199.0,742.0,0.0,605.0,0.0,929.0
0.0,0.0,580.0,298.0,931.0,247.0,12.404733673872771,229.0,0.0,129.0
1.0,118.72682308023226,207.0,393.0,798.0,623.0,0.0,597.0,683.6707194152202,964.0
0.0,312.2310651946914,41.0,303.0,57.0,45.0,509.95938637132326,870.0,143.92044622188973,428.0
1.0,194.28430502257117,839.0,166.0,805.0,80.0,0.0,442.0,495.5134772118308,301.0
0.0,0.0,587.0,186.0,872.0,993.0,0.0,831.0,709.2146025003244,357.0
2.0,734.8298314265276,135.0,884.0,563.0,245.0,358.598073112859,142.0,359.5120217346166,608.0
0.0,0.0,431.0,43.0,521.0,474.0,151.30173971625902,193.0,0.0,900.0
0.0,32.874035590461794,384.0,239.0,244.0,487.0,0.0,535.0,121.63225758569715,146.0
2.0,543.9244476367759,329.0,783.0,638.0,112.0,364.9567895056542,364.0,307.54343054096233,624.0
1.0,356.7420987094789,333.0,10.0,313.0,949.0,376.0139699328091,127.0,80.58812651107579,883.0
2.0,504.81036297705066,776.0,4.0,602.0,495.0,1000.0,630.0,822.9470311100011,647.0
1.0,177.97255896965717,704.0,831.0,704.0,227.0,0.0,947.0,0.0,693.0
2.0,0.0,177.0,806.0,606.0,875.0,35.31372839594228,745.0,824.8757242315836,124.0
0.0,0.0,441.0,970.0,384.0,49.0,68.42335162343534,532.0,0.0,183.0
0.0,134.31944372566153,404.0,845.0,27.0,337.0,0.0,557.0,440.7408369000109,481.0
2.0,38.22914199626665,899.0,779.0,538.0,652.0,291.2927185446594,899.0,415.0109167278222,320.0
2.0,350.3830561277677,745.0,438.0,317.0,385.0,445.56849945497595,734.0,651.4043973731489,434.0
1.0,497.7581853302579,241.0,504.0,549.0,824.0,772.4100475345024,389.0,275.65302577370153,309.0
1.0,575.6661123889032,618.0,284.0,101.0,817.0,609.1800882419149,235.0,334.0006934539647,253.0
0.0,0.0,140.0,719.0,410.0,532.0,0.0,489.0,0.0,396.0
2.0,454.8834429686312,755.0,915.0,111.0,253.0,462.9259276262996,254.0,522.7878508877629,507.0
1.0,215.16711576975473,584.0,61.0,24.0,414.0,0.0,95.0,0.0,416.0
0.0,0.0,23.0,544.0,626.0,835.0,0.0,1.0,272.78633594534415,889.0
1.0,58.96502181538179,626.0,392.0,142.0,55.0,130.53213506968382,63.0,495.9609021726146,912.0
0.0,420.4491763142748,193.0,672.0,186.0,445.0,139.01567739696512,38.0,0.0,526.0
2.0,500.7089210239065,277.0,764.0,291.0,912.0,108.25457291718315,862.0,684.3024091220956,954.0
1.0,250.63106426344737,843.0,101.0,77.0,188.0,114.90488062678862,869.0,128.61090445483092,896.0
0.0,112.68194953726129,341.0,350.0,46.0,88.0,302.14500392849294,44.0,0.0,109.0
0.0,68.39207102385612,855.0,268.0,627.0,370.0,0.0,911.0,86.0334347166697,681.0
2.0,433.9945604843312,226.0,495.0,104.0,139.0,258.5819674753247,666.0,546.2540293345269,837.0
2.0,236.78999762558243,606.0,539.0,156.0,140.0,761.3160079916881,696.0,523.3851296933301,644.0
0.0,491.25015975829626,784.0,149.0,532.0,122.0,0.0,710.0,0.0,7.0
2.0,376.99559503837406,16.0,316.0,141.0,917.0,700.425980481801,327.0,664.2211298457934,360.0
1.0,175.27831499840832,4.0,352.0,678.0,142.0,364.54147488810787,541.0,862.2410102349093,568.0
0.0,351.08228407083095,463.0,71.0,261.0,85.0,165.04836497995376,771.0,597.0090961247938,691.0
2.0,804.5856215856573,771.0,392.0,614.0,628.0,527.2876708657353,835.0,987.285306063523,742.0
1.0,0.0,335.0,528.0,753.0,444.0,518.1764322208674,85.0,139.60557320198856,854.0
2.0,145.0591110044627,210.0,233.0,471.0,655.0,929.4791479651545,936.0,658.234151859407,395.0
2.0,492.63689328901893,574.0,896.0,614.0,0.0,589.1978958219432,368.0,123.82644962404315,206.0
2.0,637.2665662115348,87.0,635.0,813.0,485.0,482.84138023107425,661.0,779.9151751423667,134.0
0.0,426.46929591329854,321.0,390.0,15.0,3.0,0.0,148.0,107.9753442040081,43.0
1.0,0.0,207.0,954.0,897.0,782.0,370.90867247948455,924.0,127.76950935982848,965.0
1.0,458.5367900413841,720.0,392.0,643.0,763.0,185.1146360413267,702.0,96.21120661836817,482.0
2.0,644.4643966452086,731.0,695.0,370.0,580.0,568.497814330429,620.0,122.04431983284464,561.0
0.0,139.21600035466236,709.0,947.0,420.0,570.0,0.0,929.0,244.9871255278159,99.0
1.0,95.57388352552061,758.0,353.0,961.0,219.0,98.31622899131095,122.0,577.1999652509254,349.0
2.0,0.0,487.0,76.0,846.0,794.0,338.610856568628,349.0,845.0831446688627,105.0
1.0,0.0,572.0,507.0,581.0,883.0,0.0,311.0,706.0354757602281,247.0
1.0,484.5994753316266,623.0,472.0,92.0,718.0,172.3295794617961,141.0,90.1615997704428,235.0
0.0,494.1798417080926,104.0,830.0,694.0,252.0,412.367526339155,210.0,115.68791196632428,735.0
2.0,1000.0,777.0,992.0,524.0,552.0,831.2005803861338,926.0,725.3290659929642,265.0
1.0,211.8781605418743,886.0,986.0,734.0,2.0,0.0,804.0,0.0,928.0
2.0,621.2252937457955,253.0,301.0,372.0,668.0,613.7205942496589,480.0,294.2888821886936,46.0
2.0,202.72561217453926,583.0,673.0,71.0,406.0,505.30722360851064,813.0,1000.0,375.0
0.0,20.1994646628754,240.0,139.0,284.0,642.0,0.0,283.0,101.88092243553051,459.0
2.0,472.185030020054,141.0,251.0,825.0,60.0,1000.0,349.0,542.8336721529826,694.0
2.0,483.4126660524775,261.0,193.0,964.0,767.0,536.4684088707085,765.0,729.6287842985626,395.0
2.0,1000.0,769.0,981.0,187.0,109.0,432.44790691283123,986.0,638.7257655643637,986.0
1.0,0.0,965.0,33.0,352.0,133.0,656.9584823150582,920.0,0.0,292.0
0.0,0.0,262.0,830.0,141.0,365.0,231.14916437170626,106.0,0.0,114.0
2.0,589.8124008417203,373.0,446.0,798.0,184.0,1000.0,47.0,691.8646441397099,814.0
2.0,1000.0,92.0,964.0,538.0,351.0,612.7198651789928,925.0,63.21749198023569,957.0
0.0,0.0,565.0,271.0,649.0,728.0,0.0,740.0,0.0,476.0
0.0,0.0,780.0,410.0,487.0,579.0,0.0,839.0,0.0,531.0
2.0,702.1988020688632,802.0,975.0,31.0,495.0,461.61215448356876,584.0,641.1656517489254,536.0
1.0,56.31651778723791,118.0,918.0,424.0,553.0,94.8844757248653,208.0,268.7259741920616,177.0
2.0,0.0,657.0,518.0,68.0,337.0,415.1253104431451,913.0,759.7410817888427,284.0
1.0,156.27959592038712,883.0,128.0,448.0,929.0,142.99604986813847,991.0,273.0960983933809,522.0
2.0,435.86412983732646,804.0,996.0,755.0,483.0,279.54785228123336,33.0,377.1389157313687,315.0
1.0,194.98820549375887,362.0,798.0,712.0,452.0,436.18116285214506,394.0,742.7010963674803,889.0
1.0,361.22191144059855,973.0,468.0,485.0,277.0,0.0,174.0,0.0,84.0
0.0,98.05705858007892,431.0,513.0,616.0,992.0,279.0799143292675,466.0,0.0,18.0
2.0,648.6819406503333,902.0,948.0,225.0,215.0,440.42066120045916,284.0,808.2943974126442,44.0
1.0,0.0,673.0,897.0,113.0,239.0,0.0,469.0,163.54537608003398,989.0
1.0,139.9394567205362,817.0,570.0,309.0,786.0,240.7929539709287,836.0,474.7148708445926,196.0
0.0,138.70559306186257,238.0,222.0,391.0,133.0,0.0,801.0,246.41435504417862,999.0
2.0,458.2272939340808,429.0,368.0,236.0,860.0,522.129502899561,959.0,227.22301880619892,7.0
2.0,1000.0,640.0,359.0,451.0,935.0,239.2476869320899,852.0,534.1326940081873,766.0
0.0,136.19881289050377,539.0,501.0,375.0,450.0,0.0,242.0,265.57082166948004,312.0
2.0,177.59369805956186,495.0,954.0,372.0,744.0,748.173922652534,701.0,712.7241117544324,528.0
0.0,0.0,902.0,358.0,22.0,801.0,0.0,84.0,0.0,357.0
0.0,169.41198597250897,106.0,60.0,239.0,550.0,0.0,798.0,403.94673188184095,781.0
0.0,22.829943105962034,294.0,771.0,276.0,111.0,420.27590102014676,188.0,0.0,706.0
1.0,99.06511713989725,292.0,824.0,767.0,367.0,175.1141991295402,231.0,0.0,129.0
0.0,223.47069390522762,876.0,441.0,585.0,401.0,274.3421337613287,814.0,398.8600019097938,826.0
2.0,643.6613977244222,966.0,732.0,654.0,242.0,731.1693847731603,851.0,1000.0,728.0
1.0,485.37480123138323,18.0,755.0,184.0,943.0,266.4383922751301,697.0,251.53755324763,175.0
2.0,114.34790450655674,376.0,558.0,142.0,402.0,563.982487556637,259.0,475.32565637910756,924.0
2.0,932.2053616146524,262.0,776.0,775.0,303.0,804.2679202794161,698.0,1000.0,788.0
0.0,54.32909059219289,447.0,405.0,173.0,780.0,86.22622328835425,484.0,103.84536058737001,81.0
1.0,562.6926834793761,386.0,208.0,44.0,159.0,241.31654968597618,441.0,579.9178585957376,445.0
1.0,351.67601618862193,986.0,206.0,528.0,520.0,0.0,407.0,48.182988645946516,823.0
1.0,811.9850154291627,487.0,956.0,496.0,324.0,292.2669482913624,818.0,238.3355215768721,152.0
2.0,212.887851062501,489.0,817.0,453.0,956.0,511.58380229548857,66.0,521.597507267554,177.0
2.0,413.16550555078896,762.0,954.0,943.0,383.0,574.0760825194394,715.0,362.1492450415749,474.0
0.0,0.0,517.0,426.0,325.0,601.0,33.635156581004814,868.0,303.4406044181285,558.0
1.0,98.53763732002977,254.0,5.0,465.0,388.0,0.0,272.0,592.6065106627897,866.0
0.0,488.5340996395998,957.0,713.0,668.0,436.0,43.65055979688508,867.0,725.6705223928643,75.0
0.0,811.5021270618571,328.0,883.0,115.0,90.0,336.547450284927,555.0,27.01129432544588,960.0
1.0,346.9721262153785,252.0,632.0,192.0,848.0,396.45786402955224,136.0,101.51252532628249,80.0
2.0,602.2264101916894,133.0,491.0,78.0,422.0,0.0,676.0,684.7916006590107,614.0
1.0,359.64545647110026,857.0,781.0,605.0,781.0,71.6079272911273,791.0,707.284766299634,156.0
2.0,265.5959430218484,469.0,826.0,240.0,812.0,487.6769078876108,385.0,0.0,419.0
0.0,81.26016650370747,942.0,897.0,524.0,928.0,0.0,66.0,203.8723096182493,523.0
2.0,477.8386050376126,52.0,884.0,548.0,529.0,250.08294006938507,49.0,788.7536298900492,463.0
2.0,624.7011860852904,435.0,893.0,959.0,525.0,396.606025215232,939.0,510.0760070387706,195.0
1.0,308.32475373176413,165.0,767.0,348.0,687.0,0.0,869.0,115.15598739389026,539.0
2.0,659.4226034262799,26.0,413.0,27.0,606.0,556.054858714982,677.0,155.86958488512886,337.0
2.0,181.91531310922466,525.0,239.0,799.0,25.0,650.8285937996827,712.0,566.4883877624102,104.0
2.0,413.07989076112176,716.0,537.0,237.0,287.0,409.7016676140116,616.0,316.16192424212227,48.0
2.0,359.1168666273374,392.0,416.0,333.0,281.0,1000.0,888.0,488.466710498895,773.0
2.0,0.0,444.0,554.0,50.0,853.0,292.8683085179197,90.0,509.47657798542986,270.0
1.0,1000.0,905.0,419.0,150.0,434.0,0.0,740.0,215.55853037324877,147.0
0.0,0.0,371.0,544.0,137.0,477.0,0.0,346.0,488.5758981552891,224.0
2.0,715.7179517361129,304.0,289.0,853.0,474.0,373.1747169397731,497.0,451.2949118943059,66.0
1.0,190.56658006463277,797.0,145.0,44.0,4.0,482.00373091000495,74.0,301.5517090085074,826.0
1.0,0.0,955.0,555.0,917.0,775.0,15.069109422693467,777.0,642.5604414765203,665.0
0.0,0.0,812.0,74.0,849.0,617.0,807.4849798201956,328.0,0.0,892.0
0.0,0.0,680.0,49.0,829.0,564.0,0.0,455.0,405.675318613055,227.0
0.0,0.0,115.0,944.0,914.0,107.0,0.0,819.0,0.0,360.0
2.0,852.2485638434067,446.0,690.0,154.0,794.0,524.3742018305117,325.0,790.4688888275499,676.0
1.0,654.8892600586305,237.0,295.0,45.0,321.0,244.10700886734418,641.0,15.282853801413692,584.0
2.0,581.1544619036869,576.0,569.0,423.0,540.0,1000.0,135.0,450.52238584571455,858.0
2.0,480.22463179675077,462.0,609.0,374.0,360.0,320.36759343947915,321.0,380.6661996706007,931.0
0.0,135.44688381938872,375.0,837.0,467.0,627.0,25.508857714582284,976.0,275.8303990224699,749.0
2.0,511.26263075090424,141.0,216.0,273.0,121.0,546.8177199958013,965.0,819.5776492792506,993.0
1.0,272.54939455784194,440.0,783.0,626.0,20.0,0.6796226475901866,372.0,0.0,728.0
1.0,390.994404050579,906.0,6.0,903.0,467.0,354.48494139779405,344.0,0.0,976.0
1.0,232.51109514167814,136.0,319.0,229.0,560.0,376.57082806529263,633.0,215.37822662145942,26.0
2.0,657.1183245105938,347.0,910.0,640.0,660.0,497.95086501463527,680.0,684.4365167989771,74.0
1.0,278.5241019854631,213.0,209.0,857.0,955.0,586.926082790296,732.0,0.0,696.0
2.0,624.7726516977375,79.0,229.0,822.0,240.0,643.2151137802146,242.0,657.1945214572207,69.0
0.0,52.55799557735116,15.0,107.0,59.0,662.0,101.47400638730441,140.0,418.3769034190467,773.0
0.0,236.61664665228471,144.0,925.0,163.0,123.0,216.1817674888066,550.0,0.0,289.0
2.0,711.8821269063637,220.0,277.0,296.0,999.0,570.7741257434865,655.0,735.7295182111367,647.0
1.0,12.993739199403342,8.0,647.0,203.0,354.0,355.87041524551114,9.0,837.615661742425,649.0
1.0,434.2855777200577,911.0,827.0,301.0,239.0,150.37171303541746,867.0,345.1381847962213,670.0
2.0,441.0609104147769,645.0,710.0,515.0,951.0,561.5680500155783,908.0,1000.0,598.0
1.0,99.02042614013342,815.0,968.0,930.0,633.0,117.29988665876472,507.0,444.9103710301896,522.0
0.0,47.098231045705795,156.0,685.0,706.0,924.0,279.9321016561051,778.0,421.12832646506496,244.0
0.0,404.5869864664455,380.0,565.0,466.0,931.0,59.24608420662999,319.0,0.0,49.0
0.0,510.6597377058427,272.0,538.0,471.0,37.0,0.0,878.0,312.6120039403265,216.0
2.0,397.88751220474535,296.0,336.0,839.0,782.0,624.6044099917145,140.0,512.0031022088954,418.0
2.0,389.237576528633,685.0,287.0,898.0,767.0,587.9685087035676,952.0,906.3807557108132,807.0
2.0,465.80592891712524,35.0,715.0,495.0,786.0,296.0201044188601,286.0,581.9340312032502,818.0
0.0,0.0,142.0,320.0,181.0,49.0,143.48109366672085,787.0,0.0,370.0
1.0,0.0,834.0,640.0,608.0,111.0,1000.0,613.0,681.8120410807776,987.0
0.0,53.3817742090483,224.0,951.0,839.0,270.0,601.4739640542728,335.0,0.0,408.0
1.0,797.2897473912933,413.0,288.0,208.0,989.0,508.2476593441639,561.0,58.35431090263942,20.0
0.0,0.0,975.0,2.0,481.0,879.0,313.05029058596733,712.0,0.0,936.0
0.0,0.0,514.0,800.0,191.0,799.0,0.0,177.0,0.0,387.0
2.0,555.4467856441142,118.0,526.0,220.0,622.0,787.0839280710635,611.0,39.197621480255286,177.0
1.0,116.00439640936747,832.0,798.0,959.0,176.0,320.7065718771957,971.0,83.11850335976324,757.0
0.0,244.33937270759805,952.0,6.0,989.0,79.0,0.0,970.0,0.0,433.0
1.0,743.8482093710077,697.0,737.0,185.0,583.0,838.863166429078,677.0,545.4971089679569,15.0
2.0,1000.0,762.0,978.0,844.0,701.0,801.7099345504339,717.0,484.2476795527734,556.0
2.0,234.26947706234088,494.0,996.0,987.0,983.0,947.0427303223959,929.0,0.0,741.0
1.0,252.14040773774525,198.0,991.0,860.0,635.0,78.0702675398038,455.0,0.0,227.0
1.0,0.0,784.0,810.0,238.0,356.0,121.74027245202097,64.0,316.1871701017948,625.0
2.0,505.9649273904755,82.0,893.0,639.0,439.0,528.2743804913076,228.0,839.3676443379095,620.0
1.0,236.80361817773803,605.0,76.0,289.0,670.0,465.8830948725766,180.0,624.6531669463693,352.0
0.0,487.838824788858,578.0,436.0,588.0,262.0,389.98959779562676,174.0,0.0,906.0
1.0,324.0927226988346,312.0,719.0,838.0,497.0,326.9642311493714,146.0,80.31792984748733,390.0
0.0,0.0,483.0,523.0,658.0,297.0,200.88427943372986,401.0,294.0467073061948,124.0
2.0,631.0522881053398,812.0,572.0,272.0,377.0,432.8812837576662,625.0,467.52420670941444,724.0
1.0,251.04687359248575,370.0,391.0,739.0,409.0,758.1403323712426,312.0,503.48626956064726,45.0
0.0,0.0,234.0,342.0,241.0,883.0,0.0,871.0,3.546800196621554,844.0
1.0,333.37770458839515,842.0,697.0,688.0,206.0,545.2333487265591,114.0,403.52071518299084,438.0
1.0,156.86972720556972,621.0,816.0,595.0,126.0,533.0710868179133,617.0,0.0,977.0
2.0,448.04918645121535,582.0,468.0,163.0,687.0,305.5966039184013,758.0,507.6379215438631,563.0
2.0,436.962530384929,193.0,484.0,137.0,257.0,332.72787667727124,105.0,498.93948451000773,313.0
2.0,247.83308946366137,746.0,625.0,116.0,455.0,543.8591121702697,247.0,0.0,460.0
0.0,0.0,774.0,196.0,548.0,986.0,331.62269890808636,81.0,9.923715876164273,579.0
2.0,814.7387891909859,946.0,72.0,834.0,187.0,597.538270964012,156.0,756.1165037076212,510.0
2.0,431.18045903388366,577.0,664.0,298.0,732.0,907.8452636873269,606.0,89.03634554395792,364.0
0.0,317.70223695057024,501.0,889.0,853.0,805.0,0.0,528.0,0.0,152.0
2.0,0.0,957.0,790.0,186.0,37.0,339.2322684298331,789.0,753.1964037193908,278.0
2.0,727.898859788866,811.0,113.0,519.0,298.0,777.9252696502786,75.0,319.63046185671163,929.0
0.0,189.28269990822932,128.0,913.0,456.0,78.0,254.53141856638547,910.0,0.0,992.0
0.0,0.0,875.0,970.0,594.0,303.0,444.4674331064719,398.0,0.0,292.0
2.0,596.9839637654695,39.0,655.0,96.0,924.0,594.9826343030255,108.0,491.91349214567697,352.0
1.0,0.0,403.0,492.0,46.0,168.0,60.915269860270726,683.0,0.0,791.0
0.0,0.0,492.0,402.0,409.0,287.0,0.0,266.0,186.7158400633842,306.0
0.0,0.0,350.0,949.0,256.0,107.0,342.592835867477,818.0,315.72273980399257,832.0
1.0,354.5839783635326,598.0,482.0,991.0,64.0,316.9901649219464,669.0,263.1901389407111,638.0
0.0,284.2096298571949,296.0,551.0,732.0,636.0,159.72549887757125,429.0,0.0,161.0
0.0,143.2120204898315,848.0,603.0,126.0,826.0,0.0,422.0,14.177198478106016,365.0
0.0,91.85131492165661,966.0,897.0,6.0,979.0,170.41939239785603,930.0,148.3494018717952,656.0
1.0,501.9910228541698,654.0,93.0,631.0,907.0,514.117263025268,790.0,0.0,258.0
2.0,274.41162805155113,599.0,619.0,533.0,745.0,383.3562820896014,619.0,810.4079293616478,720.0
1.0,517.0593816859357,712.0,666.0,625.0,508.0,374.26264864870365,325.0,544.7356098112656,413.0
2.0,207.97903257735015,486.0,454.0,38.0,199.0,413.2031936278889,175.0,138.75999626766585,408.0
0.0,348.12977009258566,8.0,100.0,666.0,288.0,0.0,704.0,0.0,810.0
1.0,0.0,432.0,375.0,638.0,375.0,428.670710179046,951.0,0.0,12.0
2.0,668.4243342843268,211.0,190.0,942.0,815.0,818.7177248044811,300.0,889.0856765146526,794.0
0.0,470.2189538205134,914.0,88.0,133.0,971.0,84.8742570998237,280.0,0.0,342.0
0.0,56.72183224220652,327.0,435.0,178.0,352.0,0.0,842.0,314.0161035117103,38.0
0.0,172.68420502412752,50.0,270.0,250.0,60.0,0.0,454.0,488.46396471041777,229.0
0.0,0.0,296.0,605.0,297.0,235.0,387.53567285294827,2.0,376.0042870765511,211.0
0.0,135.71051197094582,907.0,227.0,814.0,597.0,599.918712793629,369.0,0.0,963.0
0.0,97.39402710089438,690.0,846.0,854.0,454.0,7.9428201750368235,481.0,0.0,999.0
2.0,906.9308000479343,599.0,80.0,128.0,904.0,719.2595888866529,4.0,745.6947907855262,527.0
1.0,0.0,416.0,465.0,541.0,623.0,660.1031025514106,842.0,0.0,578.0
0.0,88.89804158363141,259.0,331.0,328.0,902.0,477.48641759089287,783.0,424.8078049047202,382.0
1.0,462.49558792381083,25.0,200.0,531.0,200.0,51.547798045943935,979.0,396.962064328818,849.0
1.0,486.5947499876702,807.0,907.0,329.0,887.0,0.0,955.0,0.0,606.0
2.0,0.05107067670039045,467.0,87.0,969.0,277.0,917.8204382346636,646.0,1000.0,597.0
0.0,0.0,36.0,801.0,584.0,646.0,238.83410164412444,278.0,190.93919269438848,724.0
2.0,318.5114099276498,101.0,161.0,900.0,682.0,682.0687387432437,176.0,692.0025515943399,138.0
1.0,577.1859916836047,472.0,599.0,73.0,933.0,106.70007258289567,999.0,0.0,366.0
0.0,0.0,472.0,336.0,949.0,555.0,0.0,317.0,85.5421704460195,835.0
2.0,734.4905852512177,562.0,710.0,749.0,814.0,595.0826785608591,436.0,995.7090508952717,98.0
1.0,0.0,254.0,144.0,556.0,983.0,301.66156892041823,611.0,184.9214765113943,821.0
1.0,175.95912866723535,949.0,903.0,735.0,112.0,24.250728852587013,774.0,839.1489438014931,937.0
1.0,155.56327441035796,629.0,433.0,393.0,119.0,0.0,166.0,848.9925515784771,514.0
2.0,913.6259923907515,368.0,37.0,790.0,981.0,85.4768500685181,647.0,394.60773897704814,104.0
0.0,393.4120974098388,701.0,922.0,468.0,145.0,0.0,129.0,718.4939308930727,739.0
2.0,160.126064154688,179.0,117.0,0.0,623.0,506.92478307971845,297.0,252.27450964489742,10.0
1.0,229.20613799541337,983.0,816.0,685.0,91.0,828.186532508267,349.0,27.21357411527842,405.0
2.0,313.39241141547154,157.0,529.0,743.0,886.0,1000.0,555.0,114.31232748969508,432.0
2.0,302.12926163104066,917.0,505.0,275.0,726.0,610.7726547822241,425.0,1000.0,805.0
1.0,270.96011015441286,41.0,992.0,524.0,218.0,520.4674880337975,965.0,1000.0,178.0
2.0,918.7140742884835,379.0,14.0,409.0,933.0,1000.0,174.0,1000.0,493.0
2.0,438.6748273433815,455.0,87.0,739.0,469.0,291.5607005636546,578.0,818.9885197548109,408.0
1.0,300.1530848350452,192.0,866.0,59.0,485.0,326.67921307202806,743.0,0.0,764.0
0.0,0.0,446.0,950.0,555.0,110.0,0.0,630.0,246.71802048163264,277.0
2.0,358.23196047445816,908.0,748.0,447.0,603.0,545.3866012465878,510.0,322.85492858303553,558.0
2.0,877.8834279452825,646.0,594.0,267.0,78.0,645.8147498493454,570.0,554.9027652898832,209.0
1.0,197.8055717712078,721.0,26.0,825.0,903.0,363.9002759353991,345.0,545.2841280045675,3.0
0.0,155.82983566002238,211.0,0.0,705.0,898.0,68.29622439523169,90.0,0.0,124.0
1.0,504.8288471537084,129.0,435.0,5.0,551.0,548.8628190933488,551.0,544.8055964899086,728.0
2.0,248.6827635724298,598.0,734.0,374.0,487.0,518.3039362752801,67.0,666.3918956814333,432.0
1.0,250.71264149008792,757.0,789.0,125.0,106.0,81.24754691563238,456.0,332.4660105656878,905.0
2.0,86.09991662607007,563.0,3.0,160.0,382.0,504.5599705029499,814.0,420.4721733758844,206.0
2.0,676.2022534612805,775.0,508.0,861.0,976.0,686.0611913806297,738.0,598.7128024155687,93.0
1.0,0.0,422.0,364.0,518.0,844.0,574.7244637551323,661.0,0.0,256.0
1.0,0.0,154.0,474.0,74.0,926.0,0.0,599.0,379.87615227722875,480.0
2.0,1000.0,186.0,604.0,759.0,855.0,1000.0,555.0,518.4800738844801,734.0
1.0,0.0,757.0,989.0,315.0,110.0,340.47686461615143,266.0,637.0752267668561,971.0
1.0,0.0,233.0,148.0,644.0,246.0,244.25986956953628,170.0,381.3290583979757,496.0
2.0,474.0563376902864,172.0,89.0,798.0,612.0,248.86372101570467,1000.0,169.11658023724556,669.0
2.0,604.0269957375856,370.0,277.0,675.0,71.0,828.7424496151103,487.0,577.6040014777844,539.0
1.0,88.85945557928169,32.0,346.0,270.0,499.0,0.0,222.0,0.0,468.0
2.0,312.4953367514098,156.0,13.0,650.0,759.0,684.7469601523682,499.0,379.70789131503756,220.0
2.0,756.9123836522896,508.0,668.0,74.0,708.0,340.84614573205545,827.0,448.5779922801207,146.0
1.0,0.0,748.0,24.0,7.0,637.0,457.6384051280368,615.0,393.1661828075561,312.0
1.0,644.4911664562158,498.0,649.0,662.0,997.0,0.0,31.0,0.0,764.0
2.0,798.4545236855151,552.0,629.0,257.0,555.0,366.4175120387915,180.0,925.2866354001858,414.0
2.0,799.0912490580889,932.0,202.0,517.0,792.0,144.61127765778178,631.0,348.886382077294,313.0
0.0,0.0,926.0,664.0,770.0,259.0,0.0,654.0,448.95665533908976,888.0
0.0,0.0,908.0,932.0,98.0,830.0,315.09586329974144,937.0,132.7409798207465,630.0
1.0,0.0,760.0,356.0,106.0,597.0,307.0800618841387,924.0,106.56826062601223,582.0
0.0,180.63461370467783,299.0,927.0,944.0,906.0,0.0,762.0,73.72921009784109,799.0
2.0,821.0547452348114,407.0,672.0,922.0,570.0,644.6446563478671,495.0,599.0833979913701,466.0
2.0,528.8130652462264,524.0,43.0,568.0,632.0,646.1758835093902,194.0,323.2933247003286,709.0
2.0,890.4330346325742,731.0,718.0,180.0,746.0,539.6796507001694,230.0,578.7727001367992,854.0
1.0,438.0680390655318,772.0,360.0,529.0,623.0,492.4992072486059,821.0,0.0,584.0
1.0,0.0,406.0,168.0,50.0,262.0,286.9123215095808,300.0,0.0,930.0
0.0,185.8422373469496,993.0,401.0,743.0,45.0,0.0,93.0,99.22797735194366,417.0
2.0,421.58302735225004,760.0,206.0,416.0,822.0,581.5362944947506,724.0,568.2907894793364,355.0
2.0,1000.0,682.0,595.0,685.0,543.0,158.53298025142044,338.0,400.16035117983074,370.0
1.0,373.64039945864624,177.0,225.0,279.0,398.0,521.2840217415921,353.0,30.888455758623657,1000.0
1.0,515.7121108657167,981.0,908.0,75.0,672.0,480.8394692076689,820.0,451.56669297101047,446.0
1.0,88.9743451518209,849.0,784.0,547.0,725.0,164.76171837359962,369.0,33.640306037050145,978.0
0.0,221.42678824673533,920.0,430.0,802.0,875.0,192.5128284142359,265.0,307.32732150538703,657.0
2.0,625.1264008259487,823.0,390.0,559.0,808.0,402.1625607891726,611.0,263.961757964304,402.0
0.0,168.28217656828406,383.0,569.0,388.0,255.0,72.75374444918508,408.0,268.70275819764794,141.0
2.0,246.5065319841533,913.0,543.0,40.0,796.0,381.0581469823921,633.0,583.0464544100929,348.0
0.0,39.80559322885611,362.0,570.0,448.0,352.0,159.2775718340123,394.0,225.3910657843369,824.0
2.0,312.02788053138386,1.0,805.0,830.0,920.0,581.6947612769576,365.0,890.1030040915925,799.0
0.0,0.0,395.0,101.0,778.0,610.0,0.0,899.0,111.23407299999818,129.0
2.0,316.52787752431425,649.0,943.0,300.0,923.0,1000.0,46.0,466.43654913034226,297.0
2.0,505.33933005002183,45.0,727.0,658.0,467.0,229.7998707372306,285.0,1000.0,189.0
2.0,315.9433944416733,879.0,681.0,947.0,348.0,561.9009405192882,876.0,578.3179900376506,190.0
1.0,387.6002065506141,153.0,9.0,492.0,548.0,0.0,740.0,0.0,699.0
2.0,562.3100278233745,455.0,48.0,714.0,59.0,46.41021117260419,352.0,278.27100338831866,92.0
1.0,399.27471892105734,701.0,718.0,151.0,520.0,212.56887124746913,809.0,0.0,753.0
0.0,0.0,562.0,289.0,556.0,804.0,461.9674170071145,760.0,0.0,333.0
2.0,53.022440041980694,988.0,249.0,774.0,700.0,588.285555708838,73.0,742.5739210403527,260.0
1.0,285.828738039421,452.0,810.0,293.0,595.0,367.46283033200314,613.0,899.5636808359433,475.0
0.0,414.47856753544323,900.0,259.0,742.0,43.0,0.0,451.0,188.71271504844324,15.0
0.0,63.6370181510074,648.0,697.0,263.0,316.0,0.0,200.0,494.9027340446639,950.0
0.0,276.2678145186066,510.0,572.0,934.0,984.0,30.715947635652803,831.0,468.8996609999306,32.0
2.0,229.64701437038167,842.0,42.0,442.0,332.0,787.8251511362334,746.0,735.8529885628136,692.0
1.0,419.8614311938634,102.0,292.0,318.0,474.0,50.14061028849945,336.0,114.82421653453281,615.0
2.0,473.8851422438687,247.0,29.0,973.0,911.0,585.5997228266225,961.0,372.9785783228579,490.0
0.0,0.0,292.0,712.0,361.0,988.0,0.0,604.0,182.09049434814,15.0
2.0,617.5543166462206,336.0,185.0,504.0,813.0,666.600927788685,571.0,670.9906702273879,463.0
0.0,470.1589146612591,40.0,954.0,638.0,553.0,72.47558205075931,880.0,0.0,891.0
1.0,0.0,107.0,771.0,404.0,91.0,254.72788300129588,106.0,706.8109538211384,821.0
2.0,215.0165901247437,99.0,501.0,770.0,387.0,366.2972371163085,658.0,286.3667566921966,647.0
1.0,36.98992347473847,417.0,100.0,759.0,232.0,0.0,566.0,455.3940641453426,667.0
0.0,0.0,320.0,809.0,498.0,293.0,252.61949754928426,30.0,0.0,858.0
0.0,190.94645585816056,924.0,779.0,948.0,995.0,43.06723159272243,567.0,0.0,467.0
2.0,982.1793707552721,361.0,513.0,885.0,197.0,789.2183984893401,389.0,1000.0,182.0
0.0,166.79369161888087,584.0,789.0,671.0,562.0,86.5828076946699,771.0,368.8481666793427,713.0
0.0,0.0,4.0,882.0,224.0,925.0,122.22926648385804,669.0,218.04620340191443,406.0
2.0,389.56438154695746,926.0,671.0,161.0,142.0,187.2571624550159,21.0,477.1769258830766,964.0
2.0,916.8946838920709,265.0,265.0,844.0,834.0,609.6766805851827,45.0,37.44297210664897,238.0
1.0,583.8229418912888,764.0,338.0,264.0,792.0,360.2564117803823,943.0,0.0,737.0
1.0,1000.0,613.0,253.0,604.0,573.0,0.0,811.0,425.5048779362366,866.0
1.0,918.6205601576356,380.0,876.0,724.0,838.0,92.60148291485447,415.0,162.89785127961724,982.0
0.0,427.34707623406905,863.0,994.0,847.0,264.0,511.7802043136114,841.0,227.92410176708864,509.0
0.0,0.0,165.0,697.0,592.0,591.0,308.3108935791017,948.0,594.0067376188811,228.0
1.0,121.71717582996244,712.0,316.0,366.0,472.0,229.61198892244002,548.0,523.7840530208996,963.0
1.0,400.4017809266819,898.0,142.0,504.0,977.0,79.90528147740427,854.0,0.0,10.0
1.0,0.0,192.0,7.0,21.0,168.0,257.0459823581345,668.0,139.15161569019037,908.0
1.0,932.133315540064,745.0,309.0,838.0,438.0,0.0,6.0,110.5707480478562,912.0
0.0,93.37475485560941,232.0,543.0,262.0,662.0,361.43545093350997,240.0,72.06137803914957,52.0
0.0,280.6536051415076,663.0,28.0,276.0,48.0,27.978411687903876,239.0,307.5093164948202,680.0
1.0,335.1338722614152,89.0,413.0,922.0,221.0,200.2745425461825,557.0,0.0,173.0
1.0,335.11740780914613,290.0,295.0,351.0,147.0,600.7326887602701,984.0,183.33689603541137,408.0
1.0,410.1507286217476,395.0,777.0,830.0,126.0,217.69867803033097,981.0,413.7570189489472,642.0
0.0,165.24341244178746,936.0,126.0,274.0,330.0,164.79125399669692,911.0,241.16869074057766,238.0
0.0,0.0,391.0,759.0,651.0,969.0,356.1207824471914,887.0,446.1473967866635,117.0
2.0,662.8356990756936,709.0,778.0,438.0,297.0,0.0,644.0,995.6319856910595,335.0
2.0,131.86260566487624,779.0,810.0,222.0,355.0,721.9936547071634,52.0,0.0,267.0
1.0,244.1590692132346,460.0,81.0,160.0,44.0,266.81273785971507,647.0,0.0,915.0
1.0,740.4232083285052,31.0,369.0,291.0,796.0,455.3871090394061,869.0,787.820538759951,721.0
0.0,56.35787968430634,646.0,867.0,97.0,539.0,0.0,591.0,0.0,871.0
0.0,0.0,637.0,664.0,813.0,356.0,0.0,597.0,437.552237699863,242.0
2.0,85.92013261381794,200.0,655.0,441.0,852.0,0.0,295.0,984.6072598102246,459.0
2.0,881.888446340764,533.0,220.0,347.0,118.0,316.6277783113087,273.0,424.89991433288094,284.0
0.0,0.0,577.0,175.0,982.0,711.0,222.76739595303044,510.0,15.327979702361137,803.0
2.0,111.94618362391037,440.0,353.0,836.0,815.0,928.6899508588654,579.0,538.9718661663701,976.0
0.0,121.70237498305735,437.0,88.0,361.0,11.0,318.90384115499353,213.0,0.0,625.0
2.0,526.8531260502749,492.0,324.0,593.0,894.0,1000.0,426.0,716.9215323091292,559.0
2.0,842.0662205105962,305.0,669.0,240.0,258.0,295.03172271669445,645.0,867.8790841876013,378.0
0.0,0.0,114.0,50.0,26.0,84.0,263.5169743818165,631.0,234.161217390963,514.0
1.0,310.3634344818222,457.0,810.0,802.0,470.0,0.0,446.0,0.0,728.0
0.0,182.82121847529646,261.0,927.0,522.0,934.0,231.16233349696603,500.0,0.0,983.0
1.0,355.15433398947755,809.0,943.0,521.0,456.0,346.1445167878258,460.0,466.5541694616949,369.0
1.0,357.87430664254435,882.0,442.0,564.0,455.0,582.1509413300884,254.0,119.05496335329654,965.0
2.0,655.7145593331652,214.0,784.0,853.0,581.0,647.4765723338569,181.0,600.370362919975,802.0
2.0,1000.0,387.0,52.0,395.0,619.0,368.66715754518185,261.0,434.46352449466707,979.0
2.0,629.8647095365865,619.0,506.0,650.0,849.0,425.6013291387272,223.0,113.20152183986444,557.0
2.0,672.6509657673624,879.0,48.0,199.0,412.0,556.3101594882135,943.0,1000.0,992.0
1.0,0.0,997.0,303.0,551.0,552.0,0.0,154.0,527.9159806591673,86.0
1.0,230.59301161775622,510.0,310.0,421.0,432.0,229.67760923908486,209.0,433.4966811093626,53.0
2.0,64.94915546616977,645.0,262.0,178.0,663.0,483.0957953212057,563.0,403.76510626154925,159.0
0.0,298.05570350680705,800.0,742.0,74.0,16.0,0.0,337.0,9.489164542566478,394.0
1.0,363.65853423106876,97.0,402.0,945.0,545.0,57.527485166011594,116.0,321.61936793448984,496.0
1.0,271.1756856072179,206.0,776.0,226.0,938.0,631.9848724484033,676.0,596.1115941585762,907.0
2.0,568.8949712930006,715.0,607.0,572.0,76.0,197.10139903011898,782.0,222.0015705100053,656.0
2.0,870.68076559659,172.0,40.0,569.0,109.0,313.8118431800404,800.0,247.89341319341008,243.0
2.0,1000.0,655.0,973.0,857.0,448.0,48.03370041975898,55.0,750.1445997400366,791.0
1.0,174.45292782550462,465.0,912.0,933.0,250.0,524.3891480300229,514.0,0.0,906.0
2.0,660.4854966335442,57.0,336.0,660.0,301.0,922.2176603975257,205.0,437.09174179101245,443.0
1.0,532.400842339686,648.0,277.0,144.0,485.0,90.92774655564992,702.0,485.04350958320396,12.0
2.0,1000.0,103.0,602.0,747.0,657.0,479.91505672075124,956.0,591.7999666436749,804.0
0.0,242.99837685430455,435.0,204.0,960.0,185.0,0.0,335.0,101.49116824597554,391.0
1.0,722.2509344133526,92.0,618.0,645.0,771.0,649.9362245826501,413.0,0.0,316.0
0.0,0.0,224.0,985.0,914.0,697.0,0.0,714.0,52.09294262399419,966.0
1.0,225.26088168006083,793.0,493.0,17.0,599.0,19.52118882711255,606.0,392.47174400947114,786.0
0.0,399.86220699297655,900.0,486.0,580.0,193.0,0.0,936.0,296.2897450771031,508.0
2.0,1000.0,694.0,475.0,987.0,448.0,1000.0,772.0,661.1375379163295,117.0
1.0,0.0,304.0,872.0,613.0,38.0,313.86688979663006,895.0,352.78964600434654,910.0
0.0,0.0,415.0,485.0,988.0,406.0,546.3691237708434,334.0,187.82366583893165,130.0
2.0,716.5857955210671,356.0,638.0,605.0,145.0,608.6314343683985,120.0,639.1982961727534,173.0
2.0,562.6252171919234,621.0,849.0,232.0,293.0,405.7304104146643,657.0,791.5120714076153,182.0
2.0,373.50462689057645,695.0,15.0,983.0,293.0,630.5924129074587,687.0,391.49447831829593,595.0
1.0,144.39794344027536,602.0,460.0,322.0,148.0,626.9197782526136,590.0,0.0,263.0
1.0,150.20129520623613,113.0,492.0,538.0,108.0,185.72955507878666,98.0,199.53941035714547,153.0
2.0,638.9657487247969,655.0,363.0,14.0,812.0,1000.0,162.0,705.6992305809451,887.0
2.0,805.9511345518839,876.0,30.0,62.0,616.0,734.6090365092244,635.0,309.284728834516,700.0
2.0,12.003485146811041,166.0,772.0,904.0,996.0,155.11141156260305,268.0,888.7327117366406,759.0
0.0,75.61569598764069,701.0,541.0,559.0,909.0,0.0,977.0,0.0,35.0
0.0,369.9997082187074,173.0,289.0,683.0,681.0,18.90877606300054,777.0,0.0,468.0
2.0,933.6295080243686,286.0,132.0,787.0,99.0,688.2135920813605,974.0,1000.0,369.0
2.0,371.93850332227447,317.0,258.0,891.0,39.0,308.21162227186954,735.0,645.6738399778886,430.0
1.0,207.49213439161406,815.0,659.0,8.0,204.0,0.0,844.0,470.2164300842136,738.0
1.0,434.14372366378774,255.0,793.0,651.0,401.0,99.93998482162448,50.0,360.33716502078613,398.0
2.0,619.0278649153257,455.0,345.0,62.0,403.0,973.9173550109942,368.0,588.5565355784801,818.0
2.0,769.601669890089,569.0,392.0,205.0,77.0,282.06633635757197,106.0,938.4643372115337,13.0
0.0,310.62006434748395,478.0,406.0,399.0,733.0,2.339645348772872,147.0,53.54447745054603,180.0
2.0,321.04637817011456,884.0,441.0,779.0,456.0,784.9814917521494,288.0,288.50301026675095,932.0
2.0,704.9659422782482,371.0,501.0,540.0,501.0,371.1211223290552,88.0,877.1185876251749,136.0
2.0,154.43867434538606,364.0,955.0,723.0,803.0,0.0,801.0,920.3782682896035,342.0
2.0,1000.0,463.0,1.0,19.0,801.0,416.3311606706825,494.0,690.8546320840915,435.0
2.0,635.7921180103052,725.0,569.0,171.0,807.0,763.1272063575108,725.0,849.0504311285897,629.0
2.0,776.0215691773241,382.0,266.0,224.0,135.0,261.19341104369556,7.0,508.2450606269331,129.0
0.0,0.0,120.0,906.0,731.0,132.0,0.0,189.0,150.22145886032774,582.0
2.0,692.417537028198,686.0,245.0,473.0,777.0,273.47739511823573,804.0,559.5829226256193,194.0
0.0,0.0,105.0,862.0,955.0,427.0,0.0,684.0,336.97653538510593,876.0
2.0,565.3103292384723,251.0,170.0,710.0,831.0,682.2207189754808,926.0,838.7805433141361,523.0
2.0,274.4976578612433,522.0,88.0,527.0,701.0,111.11985172891129,340.0,392.29724870995375,131.0
1.0,0.0,994.0,600.0,999.0,410.0,466.92548966089475,235.0,144.23059549633004,979.0
0.0,37.06630222275001,264.0,210.0,388.0,943.0,503.9051326617242,138.0,410.78244508344187,232.0
0.0,0.0,199.0,253.0,655.0,196.0,254.9109051909028,841.0,0.0,568.0
2.0,194.91453334059588,887.0,220.0,75.0,253.0,77.02305335512663,605.0,550.8509459416605,801.0
2.0,338.8414450273153,975.0,419.0,940.0,440.0,472.04318423897166,935.0,523.356458226013,853.0
0.0,403.30139595827177,328.0,297.0,172.0,728.0,58.20364624259497,916.0,0.0,471.0
2.0,349.9925507516221,871.0,805.0,739.0,811.0,793.9559730578344,806.0,536.8906433404622,901.0
2.0,1000.0,53.0,308.0,418.0,238.0,1000.0,188.0,289.76474572604945,581.0
1.0,0.0,216.0,878.0,396.0,113.0,607.6977147826851,376.0,283.75764485088797,428.0
0.0,0.0,728.0,147.0,721.0,63.0,0.0,70.0,101.69264562128095,198.0
0.0,0.0,479.0,31.0,441.0,758.0,434.36727105587477,580.0,156.7978982029066,967.0
0.0,0.0,469.0,404.0,498.0,0.0,0.0,957.0,614.902966924534,815.0
2.0,555.4777251901626,262.0,727.0,833.0,885.0,1000.0,547.0,631.877151936725,51.0
2.0,837.7699373592636,79.0,965.0,156.0,279.0,848.5333199193444,440.0,430.028066376892,682.0
1.0,627.2152763891795,478.0,298.0,437.0,642.0,133.3610850093349,921.0,18.97980685447852,59.0
1.0,600.4010808457427,62.0,582.0,182.0,643.0,312.3189334538827,884.0,163.9164138062365,952.0
1.0,170.80203329042172,790.0,299.0,131.0,687.0,0.0,588.0,370.20795290664245,374.0
2.0,751.8475051718593,749.0,992.0,785.0,774.0,916.9101105301177,358.0,219.33444623021464,104.0
0.0,0.0,326.0,403.0,11.0,231.0,0.0,35.0,460.2642321118012,516.0
1.0,214.79660447757593,460.0,822.0,432.0,420.0,493.5530088790059,216.0,0.0,754.0
2.0,667.0605515333793,145.0,423.0,349.0,497.0,463.83407965398777,168.0,603.2691936016537,678.0
0.0,0.0,202.0,548.0,849.0,208.0,210.7823186937748,306.0,0.0,579.0
0.0,461.41453602694963,253.0,589.0,276.0,891.0,0.0,235.0,190.84879876072057,320.0
2.0,459.15761463088614,858.0,96.0,115.0,571.0,233.92535760898286,266.0,459.7768529120226,961.0
0.0,0.0,389.0,307.0,394.0,138.0,334.30961712267805,628.0,0.0,685.0
0.0,226.0644727352735,949.0,483.0,879.0,604.0,343.49162407084805,95.0,0.0,115.0
1.0,404.76197918367166,76.0,39.0,53.0,993.0,402.82174559201,851.0,801.2791414286461,380.0
2.0,38.42419833448354,40.0,660.0,395.0,893.0,378.82884983921076,650.0,284.90160299964816,547.0
1.0,500.18502245180593,867.0,5.0,449.0,857.0,166.3391331117723,668.0,0.0,693.0
0.0,506.4282893765986,40.0,368.0,924.0,749.0,0.0,394.0,0.0,640.0
2.0,513.5540673300449,720.0,382.0,474.0,492.0,471.556062938332,784.0,340.24402559854735,359.0
2.0,726.4191451083097,766.0,379.0,898.0,674.0,236.84686971690604,143.0,794.2663128034558,899.0
2.0,155.3783358532609,791.0,989.0,173.0,409.0,213.74671123747947,540.0,705.2072273732036,604.0
0.0,5.7122767333132165,36.0,992.0,43.0,296.0,142.9703977500728,907.0,0.0,520.0
0.0,605.8900870074799,843.0,866.0,462.0,739.0,87.60941210943368,613.0,0.0,726.0
2.0,605.0570801014094,152.0,352.0,285.0,823.0,802.0561661239866,769.0,618.4656461642762,458.0
1.0,715.5389818988629,675.0,356.0,178.0,605.0,322.97493684236764,380.0,496.75782129549947,34.0
1.0,0.0,613.0,336.0,1000.0,230.0,0.0,656.0,138.50739611845205,602.0
0.0,419.60205116206225,870.0,866.0,652.0,921.0,717.2489346925764,836.0,70.61956978248516,92.0
2.0,586.851521189176,617.0,773.0,686.0,366.0,344.483673590086,329.0,557.177400085775,272.0
1.0,476.0955026371796,183.0,560.0,994.0,669.0,650.4601704550646,77.0,0.0,689.0
0.0,239.38463086956352,10.0,529.0,697.0,72.0,0.0,307.0,137.2938309961352,330.0
1.0,0.0,504.0,716.0,200.0,186.0,109.12504010647835,422.0,546.8634844247558,822.0
0.0,171.11244832052034,702.0,803.0,730.0,570.0,123.66338089961124,114.0,470.65752016325825,149.0
1.0,776.8572813341987,211.0,942.0,122.0,222.0,609.2276154462438,189.0,13.634903659483763,172.0
1.0,434.7217816320896,377.0,993.0,310.0,469.0,125.35323432100914,284.0,246.3066383449035,234.0
0.0,249.41482548467923,353.0,201.0,439.0,925.0,0.0,961.0,451.2992973867533,910.0
0.0,0.0,890.0,196.0,810.0,886.0,301.9080528680994,448.0,27.93931950625361,490.0
0.0,0.0,141.0,354.0,80.0,149.0,484.46215651445465,89.0,0.0,785.0
0.0,0.0,209.0,71.0,468.0,143.0,0.0,136.0,0.0,430.0
2.0,48.18038543630666,581.0,561.0,607.0,795.0,910.8454245812461,370.0,476.94213523753666,731.0
2.0,573.5473345562955,653.0,491.0,423.0,610.0,0.0,7.0,453.421032710661,459.0
2.0,528.6988928952857,276.0,754.0,246.0,603.0,536.1776934005019,639.0,585.6171333487478,735.0
1.0,574.6246551980868,158.0,136.0,991.0,190.0,367.4876038229862,221.0,235.03425910068557,850.0
2.0,155.98778335278013,175.0,581.0,170.0,297.0,96.06225804454425,871.0,314.4450986623414,991.0
2.0,652.198733504295,755.0,309.0,931.0,765.0,480.23379880651277,811.0,792.752283465426,628.0
0.0,117.43043981464258,16.0,598.0,308.0,789.0,524.1360281984179,984.0,0.0,57.0
0.0,588.62996758019,369.0,703.0,363.0,609.0,0.0,196.0,0.0,382.0
1.0,79.50397887625378,266.0,776.0,975.0,507.0,0.0,257.0,557.4564328529353,469.0
2.0,178.3551380822905,387.0,781.0,939.0,361.0,544.5165472938999,612.0,754.540937748305,232.0
2.0,939.8729672803693,620.0,870.0,832.0,27.0,708.4847538707905,702.0,1000.0,758.0
2.0,83.19854626434395,440.0,743.0,718.0,416.0,303.5711287775365,65.0,543.5237323566729,834.0
1.0,351.4591736824808,495.0,647.0,777.0,649.0,483.88661236417227,76.0,733.1265298237679,470.0
0.0,78.5599202800724,837.0,755.0,467.0,351.0,0.0,169.0,229.3489195537243,574.0
1.0,143.85603584012276,471.0,614.0,494.0,410.0,225.05130689211663,732.0,532.473747119404,325.0
0.0,0.0,861.0,148.0,650.0,168.0,0.0,591.0,207.51248457444933,143.0
0.0,0.0,615.0,963.0,517.0,139.0,0.0,789.0,393.7888431952208,703.0
2.0,174.30612208248522,785.0,771.0,117.0,168.0,201.66337815653566,480.0,1000.0,312.0
2.0,353.1242199921268,781.0,293.0,278.0,26.0,1000.0,5.0,562.1856416564513,206.0
2.0,172.91395700561273,5.0,561.0,338.0,697.0,211.2464829332835,841.0,544.0216476368116,691.0
1.0,403.3765013968545,31.0,573.0,750.0,781.0,328.65408921679483,907.0,256.3421001545148,205.0
1.0,122.5124281499731,540.0,856.0,981.0,333.0,481.81005257916803,949.0,133.79440399016875,344.0
0.0,259.9323675116642,619.0,951.0,565.0,811.0,0.0,276.0,289.97857353774106,409.0
1.0,0.0,603.0,725.0,654.0,282.0,243.39219021203488,121.0,445.4030198402297,612.0
1.0,534.1727559788542,216.0,561.0,182.0,31.0,76.54789735780874,370.0,317.32100990360607,8.0
2.0,626.5172449804732,643.0,768.0,642.0,447.0,635.3007072788558,136.0,1000.0,24.0
1.0,535.5279822314301,402.0,230.0,431.0,830.0,436.9046408725074,888.0,123.4858124436071,850.0
1.0,496.6512920125723,169.0,502.0,106.0,255.0,566.1025554046918,206.0,197.50628540590054,536.0
0.0,0.0,459.0,867.0,820.0,965.0,0.0,373.0,114.4801531823874,921.0
0.0,624.3048753604854,441.0,329.0,461.0,745.0,0.0,51.0,320.2678702407728,816.0
1.0,18.612335685178063,191.0,250.0,100.0,372.0,253.89318989728784,842.0,102.51059691410975,464.0
2.0,1000.0,376.0,62.0,870.0,625.0,1000.0,233.0,329.55485597453946,63.0
1.0,631.4400890268373,708.0,519.0,990.0,341.0,255.91891392122116,27.0,612.9655035845658,811.0
1.0,293.74113274685874,98.0,565.0,867.0,177.0,206.43351835293848,285.0,129.25333646006354,61.0
0.0,173.60287285047642,855.0,730.0,95.0,969.0,0.0,632.0,0.0,22.0
2.0,266.2244157133791,134.0,140.0,198.0,20.0,809.1601738149233,982.0,762.9452619934825,372.0
2.0,494.46610641446466,416.0,365.0,910.0,275.0,916.8872881991477,702.0,392.66359188109766,817.0
1.0,440.2263400302771,126.0,559.0,759.0,676.0,0.0,486.0,544.3817545602178,729.0
2.0,150.28211031687007,944.0,8.0,999.0,3.0,946.2285184541967,735.0,323.0284557274408,814.0
0.0,102.3492795407516,375.0,711.0,884.0,457.0,100.71855080566274,81.0,0.0,202.0
1.0,176.0295281239727,726.0,137.0,474.0,739.0,0.0,463.0,0.0,477.0
2.0,632.7255539032764,210.0,539.0,59.0,271.0,634.7917968383306,746.0,969.2671048262741,733.0
1.0,177.8527752677468,63.0,636.0,632.0,374.0,332.41756883212355,733.0,889.5829525588447,76.0
0.0,382.1500960343792,142.0,868.0,104.0,756.0,151.50370846697163,630.0,492.4098279084542,85.0
2.0,922.5513739843794,957.0,609.0,352.0,952.0,820.6928491253833,776.0,731.528731461057,791.0
2.0,550.212068533518,190.0,871.0,818.0,698.0,600.6160363624341,749.0,1000.0,850.0
2.0,1000.0,470.0,511.0,706.0,524.0,698.4322136917394,222.0,808.9186267774294,915.0
2.0,615.018284331834,952.0,788.0,248.0,595.0,681.9318184250687,769.0,162.33630064755934,97.0
1.0,0.0,141.0,521.0,165.0,427.0,437.99070988858995,215.0,0.0,849.0
1.0,726.3781364645915,58.0,927.0,280.0,37.0,0.0,625.0,481.2752565113912,372.0
1.0,329.0793859693863,812.0,875.0,881.0,935.0,0.0,396.0,239.38810243574565,166.0
0.0,81.11946493396125,496.0,354.0,546.0,783.0,119.39240342023538,875.0,209.63025259903497,472.0
0.0,240.12495343389708,678.0,45.0,250.0,56.0,340.6180787239741,345.0,391.09007297758353,649.0
2.0,732.6215939032895,959.0,287.0,187.0,681.0,250.78158864356362,924.0,766.910240790858,571.0
0.0,0.0,638.0,935.0,298.0,133.0,0.0,429.0,256.5686287298217,436.0
0.0,0.3664395436035274,103.0,811.0,99.0,642.0,0.0,474.0,0.0,758.0
0.0,336.8378819519002,30.0,144.0,127.0,410.0,376.74472084046715,262.0,0.0,931.0
0.0,27.787383061870052,977.0,5.0,255.0,948.0,49.27500692555863,503.0,309.7656237945549,811.0
1.0,0.0,18.0,391.0,269.0,652.0,0.0,999.0,50.384197377165506,208.0
2.0,380.2963034784808,412.0,454.0,404.0,326.0,949.5920193552978,320.0,813.390720574389,516.0
2.0,575.3696707650528,431.0,728.0,908.0,489.0,431.8646506746567,604.0,633.3499080932488,938.0
0.0,28.983585014190954,872.0,938.0,424.0,492.0,360.658658749468,545.0,0.0,852.0
0.0,888.6524826752914,106.0,214.0,300.0,688.0,0.0,964.0,0.0,117.0
2.0,262.75874346026507,982.0,478.0,762.0,811.0,343.2784009192012,893.0,655.8173671576458,29.0
0.0,312.8276410890876,122.0,302.0,673.0,373.0,130.08231481220216,629.0,107.5288285613377,673.0
1.0,152.50797184205874,696.0,45.0,891.0,896.0,304.35753924286263,175.0,438.48858099902645,108.0
2.0,808.3423964529144,130.0,687.0,431.0,227.0,783.6816834534073,102.0,0.0,117.0
2.0,936.2690051872145,999.0,900.0,422.0,866.0,483.32044928492667,346.0,1000.0,797.0
2.0,374.5335487796607,468.0,195.0,219.0,985.0,491.603076150143,957.0,257.6091327738864,554.0
2.0,1000.0,354.0,840.0,769.0,632.0,491.0307353746659,836.0,1000.0,145.0
0.0,105.55764850694825,539.0,997.0,674.0,907.0,0.0,776.0,0.0,937.0
1.0,436.64708234917583,776.0,417.0,24.0,974.0,443.15252664344536,794.0,608.0104077862196,600.0
0.0,360.43511851257153,662.0,465.0,536.0,886.0,0.0,849.0,0.0,858.0
1.0,176.28085122410124,700.0,656.0,151.0,450.0,516.026930712737,134.0,502.4718632502127,298.0
1.0,145.4184364996007,762.0,755.0,354.0,116.0,454.29394460585195,616.0,770.562495138013,510.0
2.0,508.5891481903201,491.0,528.0,290.0,811.0,540.6016613242031,373.0,418.7421651910088,420.0
0.0,0.0,710.0,402.0,713.0,751.0,303.33692374260954,585.0,216.57477515275113,689.0
2.0,521.854174126368,980.0,795.0,895.0,859.0,350.979889908711,791.0,488.8137878858096,847.0
2.0,380.56566678216456,138.0,391.0,102.0,575.0,321.1537404688015,951.0,674.6613150336984,624.0
2.0,0.0,582.0,673.0,403.0,759.0,1000.0,335.0,242.51018728056758,151.0
2.0,749.1314010775603,160.0,667.0,383.0,418.0,802.7861607617122,772.0,587.8599956705057,411.0
0.0,217.46219294276162,436.0,866.0,789.0,85.0,350.7733110956763,898.0,0.0,569.0
2.0,550.7292461307138,553.0,730.0,300.0,928.0,797.723470354099,374.0,1000.0,744.0
1.0,0.0,165.0,6.0,264.0,480.0,0.0,578.0,147.81858333307028,856.0
2.0,144.8732061698227,347.0,44.0,157.0,499.0,833.7062135762195,730.0,682.9486149794353,11.0
0.0,298.17927379036564,920.0,149.0,608.0,22.0,46.494211164583334,279.0,75.34938618914337,657.0
0.0,18.675023007368157,567.0,6.0,165.0,808.0,0.0,439.0,291.9558306659796,128.0
1.0,766.0039826095692,289.0,762.0,709.0,429.0,17.124638728923426,530.0,785.3501372765938,263.0
0.0,74.73698147940102,411.0,59.0,694.0,20.0,0.0,452.0,22.815451486724793,135.0
1.0,6.668042628949689,721.0,966.0,886.0,80.0,338.73292055986445,953.0,0.0,809.0
2.0,889.8628250748686,824.0,342.0,446.0,152.0,158.1662163965447,700.0,428.7971643999845,95.0
1.0,1000.0,520.0,320.0,4.0,976.0,545.2738861336512,780.0,125.41494102906252,315.0
0.0,151.0916190847648,193.0,496.0,366.0,741.0,46.866414842864714,7.0,335.4410817369604,586.0
1.0,0.0,615.0,966.0,748.0,332.0,168.61451704527315,719.0,0.0,824.0
2.0,877.0442554542169,697.0,60.0,564.0,949.0,486.23591238274537,342.0,945.6210668917818,906.0
1.0,0.0,956.0,998.0,161.0,688.0,228.6470593470773,174.0,114.53958161362678,919.0
2.0,836.9448032260506,261.0,377.0,895.0,842.0,769.2981436310466,624.0,390.75014082185874,581.0
1.0,201.57137447582087,269.0,152.0,353.0,850.0,344.4897997115401,592.0,0.0,79.0
2.0,405.1785150694339,711.0,222.0,649.0,665.0,435.96487636796485,671.0,1000.0,423.0
2.0,668.3614109801485,693.0,111.0,68.0,632.0,544.8766866886342,435.0,303.0498314001529,642.0
0.0,0.0,76.0,95.0,707.0,786.0,14.708173137401843,478.0,0.0,454.0
0.0,0.0,156.0,765.0,579.0,470.0,284.49344148512876,224.0,0.0,164.0
0.0,228.13719477494197,679.0,312.0,104.0,565.0,639.593575107479,334.0,279.4847711336659,749.0
0.0,26.333475907919624,952.0,776.0,295.0,380.0,0.0,953.0,736.0517203220043,348.0
2.0,441.0669526590611,655.0,447.0,240.0,970.0,780.5458576771126,336.0,496.34254605684885,28.0
0.0,0.0,294.0,71.0,10.0,561.0,0.0,647.0,14.922606569136352,712.0
0.0,354.9560899268152,500.0,528.0,717.0,436.0,189.19220182636494,422.0,272.78777787859775,330.0
2.0,850.379361182965,950.0,748.0,597.0,372.0,399.17328864520795,466.0,820.1903671166034,879.0
1.0,254.57614476217813,675.0,285.0,142.0,940.0,183.5593931578251,567.0,0.0,231.0
2.0,522.1559859904324,622.0,32.0,298.0,890.0,740.6871592202414,772.0,1000.0,144.0
0.0,450.9507614744465,551.0,13.0,37.0,859.0,662.8029649651845,215.0,0.0,45.0
2.0,943.7285413303553,952.0,342.0,989.0,508.0,408.97577188341677,161.0,447.7040651435747,528.0
2.0,505.474911815407,628.0,982.0,742.0,600.0,1000.0,129.0,877.951403790397,633.0
0.0,238.87946673221492,358.0,118.0,177.0,750.0,170.68892080882867,620.0,182.31927755176173,576.0
0.0,312.05953615715526,817.0,9.0,259.0,194.0,0.0,777.0,0.0,714.0
0.0,0.0,445.0,986.0,847.0,799.0,223.8611228129604,18.0,0.0,249.0
0.0,81.86375267567578,480.0,377.0,272.0,430.0,0.0,781.0,123.64923748669548,182.0
2.0,0.0,778.0,606.0,878.0,898.0,659.6483109657282,62.0,762.6961428324198,286.0
0.0,0.0,103.0,857.0,604.0,587.0,598.8150482837207,950.0,69.94466697878839,281.0
2.0,137.9850018998777,12.0,782.0,278.0,160.0,1000.0,560.0,654.6231775210182,949.0
1.0,99.70255570272278,525.0,123.0,919.0,828.0,0.0,627.0,256.9438467870581,322.0
1.0,174.24065146562708,104.0,52.0,633.0,535.0,94.78121848868724,159.0,445.4513300259334,86.0
1.0,0.0,487.0,423.0,919.0,902.0,410.1550749069019,853.0,62.78560280073623,569.0
1.0,453.96862329558616,645.0,750.0,2.0,941.0,0.0,702.0,44.84694644661315,860.0
2.0,772.8284848208626,372.0,210.0,645.0,210.0,728.5710242983286,71.0,1000.0,828.0
2.0,176.7642665367901,2.0,502.0,775.0,503.0,448.4950993776624,536.0,427.48433107006423,820.0
1.0,55.38020580660399,159.0,727.0,160.0,878.0,263.2622923622445,554.0,810.0046834294765,817.0
2.0,523.4235597356882,772.0,405.0,780.0,230.0,373.45627204421254,298.0,620.569271950661,890.0
1.0,332.4083997549646,987.0,894.0,555.0,213.0,0.0,576.0,0.0,264.0
0.0,0.0,601.0,326.0,570.0,319.0,0.0,935.0,340.8389020265368,778.0
2.0,800.6996917651114,972.0,733.0,80.0,807.0,29.78207749144724,814.0,0.0,678.0
2.0,527.5765918663894,804.0,273.0,750.0,278.0,884.5354148504161,514.0,801.3866250687704,100.0
1.0,0.0,112.0,672.0,647.0,339.0,160.3359245255985,38.0,0.0,275.0
2.0,714.5978135608764,778.0,832.0,235.0,440.0,151.70499632322836,342.0,444.0253396407814,974.0
2.0,405.6035616835211,20.0,263.0,227.0,378.0,610.0015936987467,217.0,625.7371651761516,827.0
0.0,455.9598268337541,332.0,332.0,145.0,817.0,330.9483444393956,325.0,0.0,491.0
2.0,595.603508368515,760.0,599.0,395.0,594.0,489.7417016054853,322.0,375.0573758629768,2.0
2.0,436.99872603576455,161.0,392.0,334.0,80.0,347.3494503894078,963.0,531.828870523716,621.0
2.0,758.654490572904,481.0,808.0,27.0,612.0,1000.0,9.0,666.6810421379354,774.0
0.0,0.0,715.0,397.0,652.0,488.0,120.49847649001491,837.0,76.66601841849828,276.0
1.0,665.2135072953985,954.0,152.0,72.0,376.0,19.254340110553354,731.0,340.92599551388986,906.0
1.0,37.89729413063957,169.0,421.0,273.0,79.0,790.6051203589676,575.0,698.1213782967383,22.0
0.0,525.600779085098,316.0,763.0,12.0,338.0,0.0,262.0,0.0,241.0
1.0,208.21211642324084,438.0,407.0,999.0,793.0,0.0,649.0,0.0,904.0
0.0,0.0,8.0,971.0,506.0,696.0,24.444217546551048,583.0,254.88404742768947,987.0
1.0,266.30090765375417,335.0,240.0,418.0,559.0,329.4618244092626,846.0,612.1431093128049,900.0
2.0,191.61812814251013,60.0,419.0,939.0,355.0,330.15757927477824,411.0,149.19588558290837,606.0
1.0,228.96415524920926,869.0,98.0,991.0,421.0,0.0,842.0,0.0,598.0
0.0,0.0,581.0,206.0,51.0,52.0,466.18948107387143,38.0,0.0,906.0
0.0,0.0,21.0,625.0,351.0,545.0,0.0,237.0,388.0512220550239,152.0
0.0,86.00601307462811,437.0,909.0,465.0,500.0,0.0,838.0,435.7990037747776,99.0
2.0,895.4899866203004,388.0,814.0,190.0,702.0,419.1907512450681,232.0,1000.0,971.0
0.0,0.0,837.0,47.0,305.0,963.0,0.0,377.0,0.0,600.0
1.0,370.9356697247039,515.0,818.0,233.0,234.0,0.0,437.0,487.4418627416551,610.0
1.0,521.3986332282077,931.0,768.0,250.0,29.0,0.0,445.0,262.63941425348963,272.0
1.0,257.8505860038163,606.0,647.0,58.0,759.0,450.7098683216222,864.0,249.80816402073438,868.0
2.0,565.4066029660075,513.0,653.0,39.0,686.0,850.2009182472818,323.0,758.3601615991165,91.0
2.0,354.3799801745638,353.0,226.0,417.0,601.0,745.9705565475451,728.0,748.2358533096824,366.0
1.0,0.0,94.0,796.0,133.0,972.0,355.66084883328176,42.0,65.06907417267725,368.0
2.0,401.40468932918657,898.0,456.0,174.0,761.0,489.42483277426084,792.0,553.9507395972832,86.0
0.0,267.6375387480586,901.0,616.0,1.0,264.0,0.0,516.0,110.88136662906662,337.0
1.0,388.7603192530752,72.0,372.0,223.0,315.0,305.4247894050377,676.0,8.605411039636834,305.0
0.0,402.8920388409543,719.0,300.0,196.0,309.0,513.7299371207446,873.0,356.1197509662342,250.0
1.0,109.39389669872153,92.0,329.0,877.0,949.0,265.4031247429281,375.0,434.349030531449,713.0
2.0,473.082017360761,977.0,441.0,443.0,566.0,733.5189132811864,238.0,173.25843322704347,1000.0
1.0,587.5288888388615,852.0,659.0,320.0,605.0,74.44953554035084,242.0,312.27101734942255,416.0
0.0,152.99258169350566,294.0,150.0,140.0,560.0,0.0,805.0,164.1913845464502,24.0
0.0,509.00988386473324,825.0,746.0,963.0,543.0,744.7039361434784,608.0,0.0,155.0
2.0,0.0,669.0,356.0,178.0,476.0,437.7808613173303,355.0,183.3245917483596,134.0
0.0,0.0,992.0,179.0,510.0,679.0,0.0,385.0,0.0,962.0
2.0,724.2441761137031,271.0,227.0,953.0,276.0,422.38093372023087,137.0,623.4953446977164,365.0
1.0,188.81795274573346,8.0,588.0,133.0,42.0,379.914317648727,841.0,212.0753529026215,142.0
2.0,0.0,653.0,282.0,3.0,303.0,694.4252796599112,310.0,319.74840870201973,569.0
1.0,0.0,118.0,997.0,410.0,498.0,748.8386652156089,309.0,218.70003507488042,682.0
1.0,436.9147527619302,501.0,142.0,691.0,824.0,248.03619172384197,758.0,333.1367281146523,739.0
1.0,189.31568032880693,532.0,600.0,491.0,833.0,0.0,126.0,240.11865065754566,391.0
2.0,597.4365117272821,361.0,522.0,784.0,955.0,745.1602888217752,522.0,958.0547870070033,123.0
1.0,402.5715936927314,802.0,498.0,404.0,202.0,0.0,405.0,384.17216054647963,360.0
2.0,0.0,720.0,782.0,918.0,61.0,598.3100476750725,655.0,729.2400013908781,284.0
1.0,612.230013006987,238.0,847.0,424.0,219.0,980.9911216559549,803.0,0.0,472.0
1.0,0.0,54.0,935.0,782.0,708.0,116.8629212422072,202.0,0.0,353.0
1.0,196.30610222054278,179.0,41.0,582.0,552.0,0.0,255.0,213.9801544273848,385.0
0.0,100.1492435501481,160.0,729.0,863.0,65.0,320.5869039899122,613.0,0.0,919.0
2.0,946.6398783341779,586.0,892.0,193.0,979.0,752.7474337082596,86.0,84.3283852510122,290.0
2.0,116.62201612787061,217.0,848.0,604.0,280.0,161.20112843028957,76.0,533.2618735072143,267.0
0.0,0.0,419.0,875.0,740.0,699.0,239.36964159062265,798.0,0.0,237.0
2.0,518.4135149358626,388.0,601.0,374.0,674.0,595.1796332229694,932.0,840.4544719871127,270.0
1.0,173.35870851799353,253.0,759.0,904.0,584.0,95.83185720869412,410.0,138.6492063374589,752.0
1.0,508.9059339970555,306.0,96.0,13.0,25.0,287.2440982374196,890.0,497.32207834775573,19.0
1.0,552.4016313643225,171.0,114.0,808.0,82.0,0.0,475.0,466.39476936105905,366.0
1.0,353.8204262979186,124.0,841.0,57.0,95.0,565.576718514374,813.0,551.5538462568097,146.0
1.0,580.6194790431813,600.0,938.0,525.0,758.0,292.2010597677726,193.0,0.0,69.0
1.0,307.3881498658565,341.0,859.0,667.0,165.0,0.0,781.0,275.148254936802,188.0
1.0,0.0,148.0,77.0,556.0,155.0,578.8404261304543,260.0,275.75794334285393,840.0
0.0,316.61987404478333,46.0,109.0,55.0,954.0,323.846619679737,285.0,0.0,335.0
1.0,489.83021220279176,435.0,948.0,561.0,270.0,0.0,49.0,0.0,658.0
0.0,50.75654251467242,103.0,262.0,722.0,347.0,386.2600496648862,588.0,156.70952031304793,42.0
2.0,543.1382850603343,791.0,618.0,500.0,269.0,767.9977137510346,292.0,814.4636367232904,564.0
1.0,677.893368620522,288.0,325.0,180.0,519.0,43.11693384169278,479.0,447.076940790761,492.0
1.0,297.2117679295928,127.0,586.0,871.0,341.0,294.5089854616739,550.0,209.67994132298116,159.0
2.0,588.2505218004511,125.0,551.0,982.0,902.0,241.89164385620325,242.0,766.4147462975602,902.0
1.0,509.09043871586687,940.0,602.0,375.0,794.0,60.6539146738732,329.0,414.54333274687195,142.0
1.0,335.06307592383325,166.0,124.0,240.0,793.0,478.2249677974945,167.0,704.2088693102024,983.0
1.0,562.027457221817,681.0,456.0,57.0,140.0,804.6054708515001,164.0,310.46571192095263,163.0
0.0,0.0,805.0,270.0,8.0,105.0,0.0,47.0,575.0150187598565,933.0
0.0,96.54498911188308,21.0,589.0,883.0,794.0,0.0,745.0,0.0,398.0
2.0,804.8980234409566,44.0,764.0,84.0,959.0,63.675390736366104,431.0,602.8995353133512,940.0
0.0,533.7799738936429,736.0,970.0,254.0,40.0,391.47558656106264,85.0,0.0,789.0
2.0,563.5806805941075,438.0,385.0,455.0,614.0,957.3889205143969,977.0,159.3014161670529,731.0
2.0,737.6817270768087,408.0,677.0,543.0,509.0,534.6063748353719,831.0,666.7719373372629,39.0
1.0,123.01896323954006,400.0,873.0,184.0,250.0,91.30204378288956,25.0,173.19551366599285,664.0
2.0,454.4737304765699,385.0,615.0,319.0,790.0,294.9624626449285,456.0,737.8911039291158,124.0
2.0,735.9421821805466,229.0,711.0,832.0,477.0,976.8059998763621,520.0,126.28881680361468,553.0
2.0,259.60965414458707,782.0,192.0,547.0,398.0,903.8356737889616,31.0,811.7483423117941,890.0
0.0,0.0,641.0,523.0,50.0,679.0,207.84731248642714,760.0,401.07768455055145,767.0
0.0,0.0,729.0,10.0,503.0,812.0,122.43338581884183,967.0,326.0118213529547,930.0
2.0,774.3755682436348,217.0,819.0,349.0,584.0,772.3430815716808,825.0,373.9863025115414,336.0
2.0,540.2789340072366,240.0,716.0,265.0,336.0,900.3737574125574,471.0,538.4808900658759,626.0
1.0,412.9834305545791,268.0,752.0,845.0,966.0,20.043954848063187,270.0,0.0,916.0
0.0,131.64297114956082,32.0,381.0,602.0,596.0,0.0,802.0,0.0,803.0
0.0,273.9185973690946,145.0,501.0,288.0,772.0,11.341980860192871,923.0,132.4913344025347,190.0
0.0,279.79596485566714,803.0,466.0,466.0,665.0,235.51950066802414,252.0,397.09632256125303,429.0
0.0,208.48569108856904,9.0,657.0,760.0,671.0,0.0,894.0,284.3288393649745,363.0
1.0,213.5464256244176,236.0,622.0,691.0,960.0,0.0,551.0,437.37449012092395,716.0
1.0,449.7887568812906,48.0,208.0,779.0,531.0,90.18685302169459,308.0,0.0,125.0
0.0,0.0,412.0,509.0,384.0,673.0,0.0,110.0,146.17405755944847,95.0
1.0,340.5002571800756,417.0,548.0,549.0,633.0,0.0,919.0,0.0,332.0
0.0,216.16074888497835,396.0,180.0,841.0,114.0,0.0,128.0,0.0,590.0
0.0,531.3296406468908,530.0,433.0,646.0,143.0,0.0,104.0,0.0,894.0
0.0,242.81223442632447,814.0,951.0,59.0,691.0,0.0,875.0,0.0,241.0
1.0,154.76385008049468,819.0,49.0,16.0,67.0,126.73648406793941,620.0,398.71334959036324,138.0
2.0,743.3266834884822,755.0,340.0,93.0,194.0,978.2608574926675,115.0,198.40070730513673,810.0
1.0,0.0,501.0,528.0,50.0,814.0,0.0,776.0,492.76119818018947,372.0
0.0,0.0,745.0,119.0,909.0,546.0,0.0,808.0,164.021762925001,696.0
1.0,440.97258188608475,921.0,898.0,355.0,54.0,504.8005959534287,704.0,202.58905721164237,579.0
1.0,0.0,82.0,461.0,839.0,947.0,824.448859707281,781.0,261.73014530738465,483.0
1.0,143.51886277034714,912.0,561.0,14.0,496.0,0.0,138.0,470.80701573583764,774.0
1.0,0.0,463.0,840.0,771.0,266.0,407.13593517402023,395.0,110.94812534397992,218.0
2.0,329.12554524379584,431.0,134.0,973.0,460.0,970.511144224434,52.0,789.3225686895071,382.0
2.0,690.3263476851679,155.0,681.0,10.0,130.0,832.4721752066724,802.0,115.53669678900471,414.0
1.0,58.55073363799182,176.0,614.0,336.0,694.0,524.0591538669485,461.0,123.82433840318537,611.0
1.0,129.7079027022799,616.0,596.0,610.0,725.0,100.4069735922183,840.0,0.0,833.0
2.0,301.67396915419744,295.0,546.0,698.0,364.0,399.1612213605857,785.0,798.0883023208888,339.0
2.0,548.9796094510307,613.0,951.0,594.0,392.0,207.30293346869172,578.0,841.2856184681443,182.0
1.0,42.27632746395703,370.0,807.0,703.0,741.0,0.0,956.0,81.01793653618327,822.0
1.0,463.77904986973476,247.0,439.0,69.0,435.0,336.53295869628823,465.0,263.22321146437366,581.0
1.0,574.3245907929377,684.0,988.0,767.0,530.0,241.4274500487106,659.0,36.76228629963845,369.0
0.0,212.01684904375355,818.0,952.0,428.0,460.0,315.17102860760457,412.0,0.0,97.0
0.0,0.0,308.0,948.0,178.0,183.0,198.79958841341326,511.0,137.37926748076632,946.0
2.0,1000.0,597.0,948.0,498.0,782.0,1000.0,874.0,377.43038051446587,366.0
1.0,0.0,337.0,169.0,792.0,710.0,0.0,219.0,214.5956530133241,524.0
0.0,28.108906528793277,315.0,941.0,22.0,192.0,96.03556837623377,680.0,0.0,705.0
1.0,417.22577646942733,905.0,776.0,729.0,867.0,0.0,964.0,0.0,601.0
0.0,610.2958598836194,220.0,53.0,967.0,227.0,451.20799414893895,286.0,177.62262482246268,531.0
2.0,166.39015985756689,466.0,916.0,960.0,84.0,267.12790248433913,948.0,538.9755054784399,30.0
1.0,508.07315464679084,968.0,62.0,14.0,174.0,0.0,902.0,524.3919008550648,728.0
0.0,241.22478120401524,962.0,492.0,888.0,240.0,199.6590987893112,942.0,164.52699734057902,799.0
1.0,765.458387345004,207.0,53.0,797.0,120.0,421.3880279741873,205.0,138.31203014676456,518.0
1.0,152.56423078845933,687.0,700.0,980.0,670.0,0.0,460.0,322.8367693037731,718.0
2.0,1000.0,687.0,658.0,127.0,338.0,554.6413189923716,44.0,496.19702818515697,913.0
2.0,422.92557637212013,430.0,770.0,781.0,552.0,48.48889774228683,629.0,880.6800198456701,890.0
2.0,629.1120095298977,333.0,808.0,812.0,840.0,616.2637307321305,426.0,666.9404696751311,611.0
1.0,286.4866183717567,297.0,303.0,55.0,724.0,31.76620864332417,291.0,393.3526376427768,578.0
0.0,10.985632963772222,856.0,526.0,487.0,704.0,383.5237279095924,405.0,0.0,401.0
0.0,0.0,505.0,344.0,254.0,809.0,0.0,18.0,77.46401422337848,141.0
0.0,69.32983742858272,591.0,126.0,391.0,903.0,407.06062539262405,722.0,0.0,638.0
1.0,710.6001282931237,449.0,200.0,833.0,316.0,395.04518836719046,92.0,215.48313780420887,738.0
2.0,386.4119789247277,316.0,708.0,706.0,407.0,822.3213562451306,460.0,536.6738773153098,839.0
0.0,0.0,645.0,147.0,680.0,443.0,211.28563568666493,686.0,0.0,420.0
1.0,142.01792348723924,532.0,543.0,26.0,298.0,10.725964456540304,438.0,0.0,943.0
2.0,122.57687065573303,805.0,318.0,866.0,348.0,743.9301873260724,382.0,674.6025416307124,446.0
2.0,645.718219328638,682.0,358.0,171.0,653.0,404.15391567937684,954.0,642.333252759956,674.0
0.0,0.0,384.0,616.0,919.0,525.0,9.672378367448816,585.0,424.73578989370924,200.0
2.0,423.9342544848852,725.0,603.0,621.0,0.0,555.3470492443946,1000.0,929.3436318183719,980.0
2.0,1000.0,259.0,192.0,993.0,470.0,592.8805925399519,675.0,868.715889212828,209.0
2.0,243.54314623499872,390.0,803.0,67.0,757.0,153.21886604684963,667.0,856.8436713317784,384.0
2.0,112.07533712863076,707.0,527.0,437.0,238.0,688.3554978093994,593.0,355.2657438078341,84.0
0.0,28.852977878481507,786.0,34.0,723.0,712.0,0.0,888.0,0.0,274.0
2.0,0.0,419.0,468.0,171.0,35.0,654.1978125743062,12.0,389.3586864863776,844.0
2.0,793.7620398736191,750.0,127.0,875.0,49.0,902.8126484660321,608.0,536.2164034862982,865.0
2.0,522.9719368320677,133.0,952.0,403.0,521.0,754.7621321296768,888.0,311.5878700351893,729.0
1.0,240.68806875983196,817.0,664.0,617.0,977.0,841.0850736042294,516.0,349.29335282950836,464.0
0.0,245.39803604769958,316.0,192.0,233.0,342.0,0.0,406.0,0.0,190.0
1.0,141.91221361596956,772.0,500.0,739.0,29.0,296.6096091043627,649.0,0.0,363.0
2.0,770.0188923246341,712.0,931.0,221.0,157.0,369.443164125735,322.0,772.3736758131441,695.0
2.0,754.3672798671817,347.0,828.0,509.0,198.0,297.45507910273784,343.0,661.81015108965,153.0
2.0,593.4400286497054,200.0,488.0,970.0,160.0,648.0165763434666,339.0,1000.0,415.0
0.0,213.87082260513156,973.0,331.0,643.0,848.0,360.247767241693,385.0,84.65766618674424,265.0
2.0,294.0688195626576,706.0,354.0,8.0,835.0,198.68878355933887,585.0,835.4243246578465,214.0
0.0,0.0,427.0,82.0,944.0,240.0,0.0,720.0,126.99794974555448,185.0
1.0,99.00749372507626,525.0,313.0,727.0,622.0,145.86873693266378,180.0,48.20267914704133,923.0
1.0,345.8336421577797,607.0,563.0,467.0,797.0,551.8410807230931,604.0,454.10236186820435,167.0
1.0,752.390385453541,692.0,358.0,755.0,288.0,0.0,704.0,581.2942766383321,292.0
2.0,1000.0,334.0,859.0,836.0,328.0,318.9793443318065,385.0,462.2595223076271,267.0
2.0,244.24197876681004,316.0,419.0,98.0,472.0,421.21789441821477,522.0,527.6459357516428,612.0
2.0,1000.0,566.0,477.0,876.0,852.0,351.886819523429,931.0,303.13926443273243,623.0
0.0,104.04234555891875,173.0,735.0,232.0,272.0,0.0,124.0,239.86551730009668,23.0
0.0,0.0,568.0,317.0,515.0,683.0,215.416027935739,931.0,0.0,496.0
0.0,0.0,495.0,276.0,969.0,378.0,0.0,398.0,472.7042532414731,931.0
1.0,397.62405339350306,257.0,8.0,801.0,658.0,603.2682503362348,884.0,265.0240505946821,47.0
2.0,751.8419915909792,720.0,702.0,241.0,717.0,586.83668926652,224.0,245.31099160613294,55.0
0.0,742.4889119020434,756.0,981.0,108.0,577.0,0.0,834.0,362.1177755358625,232.0
1.0,737.8209758664425,791.0,178.0,123.0,253.0,18.973352642787148,937.0,266.8917507763975,562.0
1.0,0.0,586.0,196.0,496.0,421.0,414.4475401493332,580.0,689.9299838302676,344.0
1.0,466.6775919111777,675.0,952.0,313.0,758.0,410.22098799424185,308.0,180.82659420011925,658.0
0.0,166.28096249964653,599.0,775.0,727.0,984.0,0.0,476.0,0.0,374.0
2.0,977.5903690896082,451.0,175.0,424.0,172.0,648.8225498716077,381.0,131.2622339800476,35.0
0.0,210.19309532796333,743.0,848.0,54.0,506.0,325.06315990757923,27.0,0.0,64.0
0.0,252.94766475618155,931.0,701.0,332.0,242.0,0.0,523.0,0.0,429.0
1.0,0.0,494.0,707.0,269.0,288.0,469.0990130621791,208.0,363.18703565775786,595.0
1.0,0.0,170.0,13.0,455.0,373.0,220.81078663223292,283.0,56.86224328396773,455.0
2.0,261.4480231378781,929.0,983.0,345.0,989.0,494.0560342491356,864.0,184.8743501916115,786.0
0.0,76.53031532979206,494.0,186.0,123.0,687.0,0.0,187.0,713.7464151880073,841.0
0.0,195.9054382656387,988.0,845.0,713.0,9.0,24.189735829027732,444.0,93.14082135088896,432.0
1.0,529.7757610283728,309.0,360.0,455.0,466.0,472.89843277945505,384.0,606.4134027386532,269.0
2.0,328.22111760791637,381.0,959.0,230.0,328.0,761.9315680059534,385.0,0.0,689.0
2.0,71.59124358180472,437.0,829.0,932.0,786.0,795.014379436989,691.0,794.6407758928183,774.0
0.0,386.11624927125615,639.0,896.0,95.0,79.0,0.0,409.0,208.9857993240402,943.0
1.0,429.50261370825865,432.0,118.0,395.0,610.0,178.88888698911467,610.0,0.0,220.0
1.0,332.31550159496794,511.0,99.0,511.0,141.0,0.0,551.0,337.4625538342909,215.0
1.0,366.43238418137884,580.0,985.0,432.0,433.0,769.314527280901,133.0,539.3723050019371,975.0
1.0,675.2356295815403,133.0,965.0,356.0,725.0,0.0,66.0,469.4638769828565,106.0
0.0,0.0,919.0,500.0,756.0,747.0,525.5928472535123,539.0,172.43082001532687,685.0
0.0,275.1059786023432,16.0,172.0,601.0,185.0,5.181795545713049,320.0,173.27786561027105,896.0
0.0,90.11814720311173,307.0,641.0,127.0,94.0,132.44527476535754,646.0,0.6319586031072049,989.0
2.0,360.3499795762351,380.0,554.0,265.0,352.0,1000.0,355.0,344.92973150159395,505.0
1.0,298.34880897476984,884.0,141.0,251.0,558.0,45.6402273955157,728.0,776.3547221365845,230.0
2.0,1000.0,92.0,933.0,190.0,497.0,275.6809896937288,435.0,120.06158374988398,731.0
1.0,130.86407031676345,442.0,496.0,421.0,155.0,0.0,818.0,64.41617209219699,215.0
2.0,583.1791410341419,86.0,725.0,630.0,710.0,616.4424750213852,663.0,590.8873423589064,557.0
2.0,269.34777419330646,985.0,244.0,348.0,632.0,712.0518781166263,261.0,538.0289020748648,971.0
0.0,0.0,248.0,758.0,146.0,744.0,0.0,402.0,0.0,444.0
0.0,10.980465862132792,981.0,519.0,294.0,842.0,540.8035771236447,401.0,0.0,632.0
2.0,983.844553237182,431.0,562.0,917.0,504.0,159.36476725258444,227.0,90.74530193393544,818.0
0.0,0.0,6.0,124.0,277.0,736.0,0.0,182.0,643.1860603078802,544.0
1.0,0.0,206.0,719.0,322.0,57.0,676.0188992502078,909.0,92.14834496430205,550.0
2.0,463.5027850559831,968.0,120.0,789.0,113.0,643.9475300666342,203.0,236.48965869234596,561.0
1.0,143.26977100334895,149.0,524.0,285.0,697.0,448.85997496963836,623.0,230.11695486639658,15.0
2.0,760.5439859441854,234.0,520.0,539.0,895.0,437.1829981053276,624.0,757.7822359065234,813.0
2.0,1000.0,434.0,426.0,950.0,465.0,335.2758758047122,791.0,820.5109271212481,70.0
1.0,0.0,577.0,985.0,698.0,558.0,556.3257217225254,987.0,83.07416849018358,557.0
0.0,72.90717238684684,728.0,736.0,243.0,812.0,0.0,952.0,429.21667631522934,868.0
0.0,0.0,626.0,238.0,953.0,186.0,442.72830189243354,773.0,0.0,983.0
0.0,0.0,446.0,759.0,218.0,424.0,420.11641952989976,280.0,373.02151041821844,914.0
0.0,0.0,399.0,581.0,561.0,878.0,196.99448261239243,274.0,0.0,387.0
2.0,669.5717559864607,129.0,597.0,179.0,478.0,388.61275080529543,671.0,0.0,908.0
0.0,0.0,565.0,593.0,79.0,464.0,0.0,407.0,310.5597416257487,591.0
0.0,435.92367902897917,923.0,78.0,513.0,129.0,0.0,910.0,0.0,929.0
0.0,0.0,513.0,426.0,212.0,638.0,0.0,6.0,0.0,527.0
0.0,66.17628747101324,550.0,930.0,816.0,532.0,0.0,803.0,96.06517103167737,83.0
1.0,350.52161805447133,33.0,855.0,185.0,825.0,80.37242671720956,258.0,105.6806674662418,393.0
1.0,156.68276245811958,630.0,396.0,350.0,321.0,0.0,448.0,37.63721343819735,366.0
1.0,222.47884396480555,167.0,351.0,423.0,947.0,134.0608384157786,894.0,373.3102551570548,107.0
0.0,0.0,773.0,279.0,908.0,770.0,0.0,501.0,0.0,624.0
1.0,117.47534276314333,525.0,835.0,518.0,271.0,288.44409062798576,157.0,550.1254488609087,22.0
1.0,0.0,749.0,568.0,781.0,649.0,327.7161237618778,296.0,0.0,259.0
0.0,0.0,969.0,687.0,338.0,690.0,0.0,600.0,368.6334647319892,227.0
2.0,655.340255518542,558.0,771.0,328.0,803.0,895.9420499038656,785.0,141.89114010072305,193.0
0.0,0.0,769.0,524.0,966.0,199.0,0.0,454.0,0.0,729.0
2.0,238.76958795569968,752.0,242.0,939.0,304.0,471.4907621821439,289.0,809.6061873682194,630.0
2.0,658.3472659072235,663.0,314.0,990.0,723.0,44.61463400849298,599.0,631.465561249761,450.0
2.0,217.83197556006698,842.0,709.0,612.0,648.0,591.2220482183895,515.0,0.0,621.0
1.0,248.14849801362567,990.0,630.0,799.0,230.0,757.4865251121506,690.0,83.45003366451505,326.0
1.0,95.5406481846691,857.0,222.0,144.0,856.0,707.7938282050784,563.0,61.42715468651366,734.0
2.0,811.4047620786101,139.0,818.0,205.0,791.0,362.92313920945367,631.0,732.5042949542585,532.0
2.0,0.8654434893863377,300.0,485.0,176.0,251.0,448.5521128646215,276.0,635.7768188150835,213.0
0.0,24.35280627676777,331.0,535.0,314.0,432.0,0.0,286.0,149.72249374134682,233.0
0.0,568.7762309606271,39.0,981.0,148.0,13.0,0.0,755.0,266.54342716540134,766.0
0.0,0.0,556.0,147.0,221.0,353.0,0.0,352.0,83.02068186932082,985.0
1.0,0.0,840.0,936.0,503.0,345.0,0.0,997.0,10.897145108513872,858.0
2.0,434.8185804533908,818.0,884.0,953.0,175.0,728.4702370202278,891.0,458.56340157975626,412.0
1.0,623.1977578075055,482.0,241.0,366.0,339.0,421.0211005922671,253.0,0.0,479.0
0.0,0.0,275.0,572.0,902.0,90.0,473.4183363637101,397.0,0.0,210.0
0.0,0.0,850.0,345.0,423.0,711.0,0.0,834.0,0.0,864.0
2.0,824.3185347314302,802.0,792.0,83.0,83.0,945.411122494368,660.0,490.8946905083358,144.0
0.0,605.6306391509099,388.0,52.0,682.0,922.0,0.0,109.0,8.112412212854716,188.0
0.0,127.66435329796346,615.0,540.0,23.0,893.0,0.0,400.0,255.97667782477043,528.0
1.0,123.49358829904112,182.0,450.0,237.0,707.0,35.86524258189783,163.0,65.27721470403665,45.0
0.0,561.2194326527999,615.0,656.0,813.0,789.0,64.26462771699079,158.0,38.704565122248795,53.0
1.0,248.23333262523886,83.0,213.0,283.0,1000.0,5.333408914488777,40.0,36.89614739676635,666.0
0.0,763.4496478493944,555.0,916.0,452.0,767.0,200.3578810770941,904.0,0.0,500.0
1.0,485.43584201458265,711.0,71.0,793.0,961.0,8.595651461351755,919.0,0.0,535.0
2.0,864.231342207076,363.0,688.0,607.0,660.0,576.0372418180403,867.0,278.46663740957825,961.0
1.0,304.3105843351972,75.0,901.0,990.0,126.0,0.0,891.0,433.5302170328725,346.0
0.0,633.5711212334855,449.0,530.0,75.0,500.0,20.5975342733249,509.0,357.8804813798251,122.0
0.0,205.64345661401742,818.0,172.0,210.0,404.0,278.0106544709555,602.0,0.0,759.0
2.0,942.5433293657954,861.0,366.0,970.0,789.0,533.1635666184268,976.0,1000.0,134.0
1.0,259.29837461799303,727.0,945.0,612.0,694.0,210.8112216694022,574.0,0.0,18.0
0.0,0.0,632.0,133.0,295.0,526.0,330.8806639715366,432.0,171.18800240781653,317.0
2.0,501.01210595406184,608.0,384.0,808.0,440.0,636.5775783422192,178.0,725.2382162489106,191.0
2.0,661.365241206139,405.0,951.0,31.0,157.0,868.9766750703254,625.0,171.33132805520674,958.0
2.0,1000.0,829.0,177.0,561.0,856.0,523.6316113116937,742.0,893.232265513975,31.0
2.0,370.8143103187099,876.0,797.0,697.0,175.0,826.7075083090531,7.0,657.917621736401,761.0
0.0,376.1617810202835,587.0,255.0,11.0,511.0,0.0,65.0,0.0,263.0
0.0,0.0,472.0,881.0,31.0,145.0,401.8101392683482,620.0,0.0,456.0
0.0,149.5751928848423,442.0,402.0,376.0,18.0,0.0,743.0,0.0,826.0
1.0,160.49092903229698,491.0,620.0,731.0,790.0,59.49050696913071,178.0,0.0,744.0
0.0,73.28968817050509,884.0,342.0,366.0,532.0,412.3534892501698,366.0,0.0,580.0
2.0,0.0,206.0,477.0,133.0,8.0,966.4396124996008,286.0,289.4206298331351,731.0
2.0,833.2285966952581,213.0,962.0,564.0,849.0,665.3722823610627,247.0,556.5579247402137,469.0
0.0,0.0,221.0,592.0,233.0,867.0,0.0,588.0,257.9115572126929,317.0
1.0,345.4142223662394,354.0,473.0,448.0,498.0,150.79991483664622,166.0,0.0,509.0
2.0,519.6794187906282,75.0,21.0,473.0,220.0,507.5512830089842,371.0,556.3846529264472,280.0
0.0,261.4730039043989,149.0,783.0,486.0,937.0,66.4345802178752,532.0,478.41565137646677,668.0
2.0,674.0298300207982,442.0,643.0,720.0,787.0,339.87842745233763,350.0,831.2678292965844,685.0
2.0,327.56796543717786,615.0,149.0,831.0,909.0,1000.0,140.0,558.1557643975727,489.0
2.0,0.0,634.0,154.0,692.0,635.0,254.36828007196718,75.0,819.0451877761316,81.0
2.0,957.2516501419589,976.0,889.0,407.0,480.0,648.1520137285229,238.0,727.9166654671216,489.0
0.0,0.0,244.0,186.0,621.0,120.0,112.5192467422701,24.0,108.51635218921318,27.0
0.0,0.0,458.0,999.0,905.0,53.0,0.0,341.0,234.4913392748072,970.0
1.0,837.3613593928455,241.0,971.0,24.0,145.0,293.4043651803566,171.0,350.3340875243677,145.0
2.0,631.7904838957357,785.0,678.0,950.0,182.0,220.22581282913302,969.0,368.6549616468234,639.0
1.0,0.0,634.0,90.0,437.0,725.0,99.87317974202902,508.0,452.8836992590121,226.0
1.0,0.0,934.0,166.0,30.0,699.0,385.85232555874836,390.0,41.54213609859707,682.0
2.0,490.03064031397696,424.0,811.0,978.0,2.0,410.41807487895693,384.0,208.61710359679736,402.0
0.0,102.62769329434958,809.0,326.0,190.0,521.0,0.0,848.0,0.0,12.0
2.0,453.60203713710473,310.0,858.0,517.0,190.0,596.3773471826509,441.0,222.2658909395511,725.0
0.0,599.8802022510063,20.0,132.0,803.0,468.0,308.9177372746999,460.0,0.0,367.0
1.0,437.4357868759572,497.0,62.0,251.0,608.0,161.15860471040358,156.0,269.0143016786303,135.0
2.0,402.20834534296733,433.0,855.0,228.0,846.0,553.1643985466004,373.0,354.08371230757797,278.0
2.0,1000.0,324.0,182.0,715.0,368.0,639.9663532536565,238.0,705.6342030413326,147.0
0.0,34.9672138447616,964.0,207.0,341.0,750.0,0.0,340.0,0.0,471.0
0.0,120.19105225982747,511.0,887.0,415.0,497.0,110.85005446286587,882.0,43.59914849853239,894.0
2.0,699.7686564691016,999.0,221.0,306.0,753.0,89.81392439386644,802.0,290.2623882138752,993.0
1.0,404.3851857202918,901.0,684.0,566.0,379.0,0.0,824.0,0.0,692.0
0.0,181.7028770050397,871.0,941.0,242.0,320.0,0.0,496.0,6.728712625348685,122.0
0.0,0.0,996.0,304.0,544.0,715.0,0.0,532.0,163.55837808475985,264.0
2.0,411.59875960360296,515.0,482.0,980.0,934.0,596.2617733833107,731.0,72.11975758072897,61.0
2.0,937.4122050434332,702.0,305.0,712.0,334.0,458.91562697525933,252.0,931.505301002868,433.0
1.0,436.82927311982127,232.0,732.0,866.0,312.0,0.0,490.0,179.79891908272168,724.0
2.0,561.2744856032829,202.0,48.0,731.0,744.0,138.6103610208778,324.0,193.33387150388143,433.0
2.0,805.3846087957422,968.0,449.0,146.0,545.0,999.1750787645768,420.0,364.5390020808306,924.0
1.0,0.0,84.0,964.0,788.0,165.0,52.493772386308116,945.0,178.5502534352219,52.0
0.0,12.137250789756326,234.0,229.0,774.0,756.0,0.0,464.0,498.53483798954875,323.0
1.0,533.7968317079975,38.0,531.0,572.0,554.0,505.5801974885864,892.0,165.68285007878904,643.0
2.0,429.07191325062047,554.0,147.0,313.0,789.0,312.14062794746036,314.0,0.0,217.0
1.0,0.0,666.0,545.0,380.0,352.0,292.7267242889784,472.0,498.6496600575402,965.0
1.0,1000.0,859.0,628.0,518.0,664.0,109.12153751914849,726.0,0.0,243.0
0.0,0.0,682.0,803.0,527.0,298.0,192.1084891279293,677.0,784.6786880306026,388.0
2.0,144.26952247334057,836.0,422.0,398.0,64.0,240.2998790945838,492.0,1000.0,177.0
0.0,0.0,175.0,463.0,224.0,407.0,32.32388225052607,518.0,0.0,908.0
1.0,257.65708928094074,933.0,457.0,890.0,25.0,850.8524781392964,516.0,295.94291124906226,816.0
1.0,559.8766736359679,215.0,974.0,987.0,389.0,486.3812583070009,103.0,444.5996397214831,964.0
2.0,788.6555262411326,964.0,105.0,184.0,898.0,708.2183330094133,820.0,1000.0,149.0
0.0,300.1082375318209,573.0,546.0,807.0,989.0,20.95562934858373,552.0,17.553770705359224,218.0
2.0,417.04308930278967,327.0,433.0,96.0,647.0,454.0379465518048,97.0,699.7516322283017,837.0
0.0,126.3429602295118,827.0,512.0,577.0,648.0,118.81277560023995,64.0,0.0,100.0
0.0,0.0,898.0,868.0,601.0,711.0,0.0,184.0,0.0,221.0
0.0,115.8623166891268,196.0,992.0,886.0,213.0,769.6110634343199,396.0,209.16461854632334,381.0
2.0,441.99509442200343,446.0,478.0,298.0,190.0,645.5017749906217,566.0,979.0647069577732,968.0
2.0,327.31129690362116,501.0,528.0,662.0,830.0,1000.0,794.0,147.2052308949591,140.0
0.0,0.0,261.0,144.0,978.0,727.0,342.4966338072644,481.0,332.46384924906215,624.0
2.0,0.0,274.0,127.0,976.0,395.0,420.55579539329364,78.0,679.9311285312621,144.0
1.0,281.1519838029727,327.0,533.0,844.0,989.0,99.20326437221082,647.0,762.9047592950451,372.0
2.0,641.799558159354,29.0,440.0,705.0,210.0,184.49646771354534,239.0,521.4482823700142,143.0
1.0,236.77846535867053,29.0,621.0,176.0,941.0,491.977507305348,628.0,822.9581417148623,955.0
0.0,0.0,97.0,342.0,683.0,421.0,0.0,669.0,62.886227026705,772.0
1.0,0.0,102.0,3.0,783.0,488.0,75.03032792486897,546.0,0.0,246.0
1.0,405.5095898348154,753.0,218.0,782.0,457.0,551.0354240011468,850.0,473.71671505509454,383.0
2.0,484.65675702187116,398.0,363.0,653.0,615.0,28.787564780196067,969.0,137.0035151472539,690.0
0.0,0.0,406.0,633.0,481.0,553.0,0.0,590.0,515.5543075780679,260.0
0.0,0.0,778.0,300.0,422.0,783.0,600.3899536689111,755.0,0.0,89.0
0.0,24.21740877118922,478.0,451.0,269.0,691.0,0.0,379.0,272.9543121036181,144.0
1.0,964.9752701217034,363.0,502.0,367.0,614.0,425.1899889771275,873.0,193.90372051550995,110.0
2.0,70.56112771943361,820.0,339.0,598.0,254.0,56.1625164805155,8.0,459.0794496629107,407.0
1.0,282.2174419142702,33.0,358.0,838.0,659.0,0.0,703.0,359.83720549564936,519.0
0.0,892.4750960135302,36.0,902.0,276.0,224.0,271.4859599336969,186.0,59.94509383692992,656.0
2.0,743.204217543987,651.0,756.0,846.0,37.0,964.5461166813825,968.0,675.796597683837,581.0
2.0,757.2463640803496,464.0,731.0,727.0,970.0,677.0055626447224,588.0,816.4799860484811,363.0
0.0,7.211529886175295,807.0,417.0,266.0,486.0,0.0,436.0,0.0,566.0
1.0,547.0821446816932,531.0,402.0,632.0,833.0,0.0,891.0,170.40924981990833,739.0
0.0,107.9147541183684,146.0,877.0,55.0,501.0,338.48814373630887,71.0,0.0,939.0
1.0,328.30168926432634,626.0,262.0,261.0,749.0,111.46491925159644,162.0,561.3878678772962,27.0
1.0,35.42043405829379,507.0,450.0,703.0,122.0,0.0,817.0,0.0,935.0
0.0,0.0,649.0,947.0,185.0,168.0,296.88814735527586,270.0,0.0,61.0
2.0,356.2834712135967,728.0,273.0,963.0,765.0,346.91683258800134,236.0,358.14529436482275,121.0
1.0,378.21248090738476,330.0,394.0,433.0,735.0,5.161029267805614,471.0,785.9820593328416,288.0
0.0,114.42240437045363,189.0,588.0,511.0,519.0,129.37846020953543,181.0,309.19781594442907,631.0
0.0,30.178048774029197,803.0,360.0,643.0,984.0,0.0,955.0,0.0,162.0
0.0,0.0,478.0,292.0,320.0,523.0,0.0,306.0,29.330630097112525,534.0
2.0,0.0,137.0,763.0,947.0,423.0,696.9558864922114,425.0,652.3125637080401,421.0
2.0,308.53998386907904,669.0,48.0,304.0,488.0,440.6292352804906,874.0,163.42701148059018,240.0
0.0,75.07042250842643,499.0,809.0,984.0,890.0,0.0,261.0,64.18839919385184,8.0
0.0,0.0,952.0,906.0,729.0,639.0,479.22268283239,221.0,0.0,343.0
0.0,145.30070409913634,875.0,66.0,542.0,152.0,143.64020784049458,899.0,0.0,431.0
2.0,0.0,819.0,51.0,234.0,903.0,840.6416290077972,190.0,889.8529943300002,130.0
0.0,0.0,136.0,7.0,946.0,202.0,678.9072115148421,872.0,0.0,754.0
0.0,0.0,784.0,888.0,889.0,624.0,0.0,715.0,400.92092007595886,156.0
1.0,313.3717461952628,860.0,811.0,239.0,50.0,18.125968983043308,864.0,75.23233501890596,904.0
0.0,208.02159456356497,159.0,456.0,261.0,857.0,0.0,981.0,0.0,680.0
1.0,103.2533173771867,127.0,364.0,220.0,241.0,195.5876071655245,321.0,859.7145545859574,902.0
2.0,814.3431137487822,955.0,479.0,177.0,186.0,415.58963364990944,526.0,612.3759603768558,373.0
2.0,819.6087003007066,198.0,385.0,275.0,707.0,767.0386592065728,500.0,488.58255636582174,31.0
2.0,275.24289633463815,946.0,372.0,638.0,911.0,277.34625815839183,463.0,475.0256937792882,276.0
0.0,0.0,173.0,555.0,359.0,855.0,757.156164200058,862.0,71.98479746133796,280.0
0.0,429.26026926902574,262.0,977.0,716.0,969.0,346.2599851892316,929.0,0.0,80.0
1.0,0.0,374.0,566.0,183.0,530.0,731.8354723944974,491.0,42.747421398349545,991.0
0.0,0.0,963.0,723.0,421.0,157.0,130.20538083495708,137.0,234.0943380478202,993.0
1.0,442.7246663009572,573.0,947.0,396.0,743.0,0.0,520.0,204.95147693815642,228.0
2.0,495.3238851241268,960.0,758.0,664.0,546.0,544.1982452783989,581.0,1000.0,258.0
0.0,517.1324234121331,433.0,98.0,171.0,329.0,0.0,225.0,383.98227060517786,900.0
1.0,324.07898195272503,364.0,715.0,481.0,708.0,517.4278711877098,59.0,246.35979538402069,456.0
0.0,115.82937486262784,645.0,758.0,392.0,910.0,0.0,244.0,299.15271168575345,91.0
2.0,952.6719946550148,10.0,352.0,879.0,57.0,399.63784607164746,592.0,744.3930389336825,657.0
1.0,247.79931931888643,631.0,557.0,996.0,541.0,332.0345001317007,469.0,238.62539744611468,397.0
1.0,0.0,996.0,732.0,354.0,966.0,0.0,782.0,562.7572651136207,179.0
2.0,80.83614576367484,185.0,330.0,293.0,654.0,343.5576689199945,121.0,535.1576338750799,866.0
0.0,0.0,490.0,55.0,725.0,665.0,0.0,794.0,0.0,802.0
2.0,655.0496209761354,51.0,47.0,969.0,616.0,605.1541438483331,862.0,395.8594063418875,461.0
0.0,206.0386939026967,515.0,892.0,402.0,313.0,129.81737030577,452.0,257.1402248081919,954.0
2.0,0.0,599.0,278.0,233.0,172.0,599.9585724839728,375.0,561.2475468245786,962.0
2.0,348.48626059058313,602.0,25.0,715.0,560.0,340.16712356999574,38.0,465.50893268232466,299.0
0.0,409.13044556333944,523.0,50.0,552.0,843.0,0.0,125.0,0.0,399.0
1.0,0.0,614.0,697.0,310.0,450.0,357.40626316197984,514.0,420.0482901374367,434.0
1.0,622.6497555213101,611.0,128.0,546.0,714.0,8.511506768715089,664.0,198.30075181401506,910.0
1.0,303.3497430690719,750.0,225.0,512.0,627.0,759.4748712741879,272.0,103.11707772029958,961.0
1.0,386.5731989339685,974.0,197.0,824.0,120.0,0.0,576.0,178.136323092555,767.0
1.0,108.7707698048555,504.0,898.0,467.0,541.0,470.2128822696769,202.0,421.29433542443377,214.0
2.0,495.9288762600662,527.0,20.0,501.0,894.0,1000.0,10.0,1000.0,32.0
2.0,0.0,49.0,498.0,572.0,1000.0,753.0525934216331,116.0,355.6003899290847,862.0
2.0,70.58310718029405,590.0,753.0,927.0,846.0,627.8023546457789,373.0,930.3129266845073,707.0
1.0,476.6219416248554,408.0,914.0,973.0,145.0,1000.0,347.0,501.26767732653565,750.0
0.0,0.0,354.0,398.0,994.0,187.0,0.0,788.0,0.0,533.0
0.0,258.4525137416882,858.0,966.0,577.0,898.0,375.10349951194,19.0,0.0,13.0
0.0,809.8619254605147,112.0,219.0,706.0,234.0,467.90528297288904,236.0,0.0,703.0
2.0,586.7065782506878,975.0,666.0,751.0,260.0,300.4541657320287,746.0,577.7479287706697,615.0
1.0,498.66221801539524,679.0,954.0,574.0,452.0,781.3518347752254,516.0,352.93551375878315,180.0
2.0,159.45057373358372,759.0,34.0,672.0,618.0,424.0914228201925,794.0,98.12269770304385,702.0
0.0,0.0,720.0,532.0,104.0,601.0,0.0,283.0,70.09195486604212,563.0
1.0,207.55066792147554,499.0,536.0,940.0,951.0,0.0,251.0,191.07212176953223,94.0
1.0,851.695845061677,953.0,651.0,416.0,928.0,194.74555526179387,459.0,538.5134225813542,211.0
0.0,0.0,572.0,960.0,283.0,91.0,181.27429388905261,741.0,330.28453277206415,404.0
1.0,475.8026336966613,884.0,429.0,636.0,56.0,222.7542072494949,186.0,103.32113355957885,595.0
2.0,711.6749048328957,390.0,880.0,450.0,306.0,525.8875729508322,889.0,358.8913184988087,434.0
0.0,0.0,329.0,761.0,970.0,796.0,0.0,77.0,182.25364108556357,218.0
0.0,165.43201455164404,621.0,948.0,944.0,639.0,0.0,9.0,12.758762912424231,834.0
0.0,0.0,423.0,273.0,262.0,756.0,351.57433122677196,113.0,0.0,646.0
1.0,0.0,499.0,326.0,196.0,793.0,170.0126869243132,81.0,490.1427055587649,905.0
1.0,253.99651246204542,984.0,309.0,453.0,816.0,859.9569368270919,555.0,0.0,557.0
0.0,0.0,425.0,970.0,520.0,937.0,620.6995893288564,65.0,0.0,306.0
0.0,69.6048212111037,218.0,21.0,158.0,50.0,310.30450423178803,169.0,179.90716248615294,567.0
2.0,790.6387978412694,311.0,845.0,691.0,906.0,645.3844984754653,641.0,641.8328155196059,2.0
0.0,0.0,10.0,669.0,801.0,610.0,463.06447508658437,661.0,0.0,44.0
0.0,181.38137377783448,333.0,274.0,44.0,820.0,0.0,512.0,0.0,394.0
2.0,590.0342239240096,525.0,466.0,715.0,964.0,598.7433772017571,695.0,932.3650226472074,550.0
1.0,0.0,542.0,620.0,401.0,273.0,767.1064145472172,284.0,204.1966755980826,370.0
2.0,311.0188547305517,532.0,105.0,462.0,525.0,455.53679633443744,385.0,1000.0,984.0
2.0,771.9049505369934,426.0,113.0,146.0,65.0,809.3357690029011,97.0,498.2246006852375,896.0
1.0,495.54804251556436,450.0,770.0,934.0,442.0,326.9549660528693,259.0,708.604940227443,891.0
1.0,390.2849968426246,184.0,84.0,324.0,178.0,50.166506152336005,670.0,69.51413071748294,270.0
1.0,335.0718078758696,200.0,844.0,103.0,972.0,600.9440472952288,312.0,368.382917849442,524.0
0.0,48.42095782300696,955.0,754.0,689.0,451.0,0.0,693.0,408.05948120012124,332.0
2.0,465.9636118182549,842.0,377.0,668.0,781.0,314.00287492297014,508.0,649.8104749750115,315.0
1.0,0.0,853.0,115.0,525.0,542.0,112.5710909632855,589.0,314.1251938124709,813.0
2.0,535.1415053047491,237.0,926.0,966.0,143.0,735.3574028806048,157.0,616.8256542147227,819.0
0.0,125.91969675789741,205.0,367.0,458.0,497.0,198.58784062235426,397.0,0.0,143.0
0.0,0.0,961.0,990.0,716.0,451.0,267.00491835132755,477.0,179.59771881285855,197.0
1.0,66.21016881212542,395.0,529.0,863.0,206.0,0.0,518.0,407.2685431982269,158.0
1.0,316.90598246156935,985.0,890.0,284.0,450.0,391.4086851981209,439.0,575.067812253644,54.0
1.0,0.0,390.0,775.0,552.0,524.0,22.473063860757062,65.0,567.3481131923143,759.0
0.0,401.05546810057905,974.0,416.0,579.0,835.0,0.0,58.0,590.0401383208531,423.0
2.0,992.6080616908193,663.0,989.0,227.0,41.0,192.5741306702353,612.0,661.8363497952314,640.0
1.0,519.872740443945,183.0,645.0,74.0,462.0,0.0,396.0,200.51726015140503,594.0
0.0,206.7737620532395,905.0,564.0,8.0,211.0,84.20924663893098,235.0,190.42609187911486,286.0
1.0,166.15827740692498,339.0,883.0,397.0,800.0,508.85641616105437,587.0,227.40797300812767,47.0
0.0,104.15100352690469,454.0,626.0,450.0,864.0,0.0,414.0,129.30742831025177,588.0
2.0,612.8089923371127,809.0,534.0,621.0,425.0,359.8602677286046,178.0,542.3015790143072,977.0
0.0,0.0,244.0,664.0,236.0,944.0,248.0085799563829,13.0,251.20444330193064,82.0
2.0,1000.0,855.0,802.0,620.0,655.0,462.12670885245024,648.0,691.2716887541266,678.0
0.0,0.0,180.0,788.0,643.0,226.0,496.25966329760297,217.0,400.44526861950817,866.0
0.0,376.52919148552894,378.0,671.0,460.0,836.0,0.0,315.0,245.8845230204421,656.0
2.0,591.6886474881218,476.0,279.0,168.0,2.0,215.8008266673648,21.0,381.6880371031942,242.0
2.0,684.1870480290447,189.0,817.0,526.0,973.0,283.30061595403197,653.0,427.34049896956526,241.0
1.0,0.0,513.0,484.0,122.0,840.0,38.62406935332889,537.0,0.0,568.0
1.0,215.83989610985338,405.0,91.0,171.0,326.0,710.2916962320049,108.0,351.454455085543,371.0
2.0,0.0,105.0,503.0,593.0,982.0,184.53691240703395,606.0,723.2213368932215,341.0
2.0,1000.0,159.0,919.0,647.0,490.0,351.1811475714797,629.0,473.7887317771264,963.0
0.0,0.0,841.0,538.0,237.0,257.0,103.66236956667704,651.0,0.0,300.0
0.0,0.0,308.0,600.0,876.0,325.0,630.6813919735943,651.0,90.84626403566772,409.0
1.0,0.0,731.0,689.0,644.0,188.0,311.22899456271455,767.0,0.0,277.0
0.0,0.0,463.0,791.0,702.0,215.0,182.17751289640697,476.0,0.0,428.0
2.0,281.8849417007835,665.0,84.0,577.0,271.0,534.5058552385858,433.0,257.4411867661094,16.0
1.0,520.7766848935478,651.0,959.0,843.0,552.0,432.6925909456886,4.0,0.8066672277040015,482.0
2.0,347.9910988136459,973.0,117.0,351.0,508.0,246.31515326384292,582.0,1000.0,511.0
2.0,975.1066799037378,814.0,382.0,532.0,487.0,699.2594217826277,567.0,375.99820674755983,406.0
2.0,895.3997396643462,338.0,88.0,141.0,788.0,436.8257148680396,154.0,998.1314880218746,29.0
2.0,267.4809539767293,77.0,298.0,40.0,840.0,509.56504197948436,980.0,437.9478310588963,85.0
1.0,96.61759402060652,58.0,881.0,534.0,528.0,0.0,81.0,317.4058006252205,862.0
2.0,162.9806898535116,559.0,530.0,237.0,85.0,362.1932142474007,139.0,124.8065562591734,589.0
0.0,94.52534001034086,622.0,473.0,877.0,975.0,0.0,148.0,418.6236658855358,142.0
2.0,974.4978757246339,205.0,813.0,312.0,800.0,480.5574655543228,938.0,169.32266797945482,973.0
0.0,533.4453049937847,462.0,206.0,111.0,259.0,256.6540567229133,31.0,365.53384519144583,287.0
1.0,129.9894374779291,117.0,790.0,903.0,365.0,0.0,290.0,512.8364026619373,537.0
1.0,270.11812098281086,160.0,152.0,731.0,508.0,57.693885609103695,107.0,202.75483750991978,447.0
0.0,0.0,354.0,368.0,934.0,587.0,0.0,580.0,326.14155185841514,230.0
0.0,158.44405916450106,878.0,86.0,785.0,631.0,418.0963679502579,697.0,0.0,122.0
2.0,1000.0,850.0,263.0,103.0,48.0,92.73308012576051,990.0,372.5079542514849,133.0
0.0,378.12141609180736,733.0,104.0,358.0,114.0,383.33403071962124,206.0,0.0,905.0
2.0,587.3126161789689,496.0,884.0,256.0,866.0,541.7238119791475,413.0,695.2231249419525,497.0
2.0,410.53525445512656,496.0,685.0,999.0,928.0,243.63821832978903,661.0,916.1275381744888,252.0
1.0,38.01919008235631,450.0,379.0,32.0,746.0,92.27677421238837,294.0,0.0,287.0
2.0,472.634980868267,657.0,76.0,513.0,44.0,584.7546255997732,84.0,239.37716361737162,654.0
1.0,349.92404139217456,357.0,370.0,421.0,152.0,147.50875949979434,275.0,117.98464128448815,758.0
2.0,280.4994141018816,570.0,297.0,337.0,872.0,609.3291511426742,392.0,1000.0,52.0
2.0,393.2413247610667,756.0,88.0,856.0,487.0,784.0478651909071,887.0,919.9112061317111,863.0
0.0,437.4643224137347,653.0,399.0,656.0,254.0,215.11206873343724,555.0,305.28100964495394,935.0
1.0,286.69421813679287,854.0,770.0,172.0,418.0,0.0,620.0,342.99573882599304,301.0
0.0,1.2537503348033152,958.0,78.0,165.0,132.0,0.0,848.0,0.0,552.0
1.0,165.05550074189344,21.0,781.0,805.0,984.0,475.9034995695809,15.0,0.0,403.0
1.0,298.6751375834992,697.0,531.0,934.0,558.0,351.4889553527652,946.0,1.6772793117023947,935.0
0.0,153.2640994908141,977.0,735.0,242.0,848.0,253.56083272131409,843.0,0.0,913.0
1.0,1000.0,107.0,695.0,18.0,335.0,316.8921054914805,801.0,602.5574070974258,775.0
1.0,0.0,467.0,971.0,523.0,936.0,375.64694427454606,175.0,441.14225181537785,971.0
2.0,180.68728942979044,647.0,791.0,949.0,493.0,147.4599421781048,352.0,481.932471345351,754.0
0.0,0.0,892.0,728.0,916.0,845.0,0.0,600.0,110.99591356683389,450.0
1.0,560.027333807365,282.0,290.0,197.0,1.0,0.0,770.0,531.4287571696768,94.0
2.0,951.3322696417118,161.0,899.0,417.0,616.0,1000.0,394.0,936.1160182256871,338.0
1.0,0.0,57.0,80.0,540.0,358.0,285.7406414525621,489.0,571.9632111098831,439.0
2.0,320.53433997304137,155.0,887.0,155.0,579.0,322.0765015625078,2.0,286.33049956804945,650.0
2.0,766.6967307655874,383.0,511.0,262.0,710.0,403.91387786895996,932.0,532.6173544799785,426.0
2.0,374.457101341241,103.0,413.0,996.0,6.0,798.1015342688708,956.0,735.7460503765699,937.0
2.0,553.3518891281576,972.0,316.0,329.0,956.0,491.10750462934953,827.0,501.2503149366229,594.0
2.0,1000.0,547.0,810.0,344.0,452.0,407.31547105534213,710.0,810.2386680636455,870.0
1.0,150.29401888113114,697.0,902.0,574.0,349.0,373.85089439795064,921.0,522.6851492788271,398.0
1.0,398.28452324010647,12.0,406.0,387.0,537.0,99.57593537022305,867.0,39.45623381710743,421.0
0.0,176.33838617921086,247.0,357.0,953.0,221.0,2.731318623045319,672.0,561.9830798374634,846.0
0.0,0.0,416.0,266.0,52.0,224.0,0.0,13.0,4.236005443128926,954.0
1.0,47.45101383782858,18.0,769.0,710.0,156.0,613.2120303005497,976.0,686.1481024529982,997.0
2.0,454.18984236327185,877.0,809.0,888.0,828.0,284.9155851234912,145.0,629.2700952086664,868.0
1.0,159.53053656889077,875.0,311.0,0.0,580.0,200.433186705857,27.0,712.9327214482478,588.0
0.0,0.0,979.0,421.0,46.0,756.0,0.0,263.0,318.4572565231898,108.0
1.0,597.5046748646946,111.0,117.0,328.0,359.0,214.2297383170654,555.0,0.0,27.0
2.0,457.8594556761465,103.0,322.0,881.0,573.0,1000.0,142.0,435.2958144808565,716.0
1.0,669.5550911606424,747.0,482.0,13.0,616.0,250.7641366548712,488.0,0.0,3.0
1.0,260.20121558889156,68.0,883.0,223.0,681.0,209.08739891341625,621.0,128.48094598590066,263.0
2.0,685.4538522327725,698.0,450.0,373.0,125.0,564.5558973096418,618.0,415.802192688865,298.0
2.0,0.0,371.0,161.0,873.0,271.0,921.7561006219906,81.0,762.183219352902,55.0
1.0,168.30691086906853,4.0,872.0,127.0,708.0,191.47445283084508,199.0,23.984218242413053,944.0
2.0,0.0,579.0,799.0,912.0,778.0,642.2338322172666,189.0,962.6774734466403,841.0
0.0,173.3936133234281,570.0,901.0,225.0,119.0,0.0,71.0,647.6175158259176,982.0
1.0,0.0,8.0,471.0,770.0,836.0,437.03987078257944,554.0,0.0,936.0
2.0,521.1145598724795,624.0,944.0,291.0,6.0,794.2758416303337,139.0,964.3246655345213,737.0
0.0,0.0,498.0,838.0,351.0,470.0,114.53993622660356,650.0,723.0972488678929,312.0
0.0,410.87638622424896,309.0,547.0,395.0,543.0,721.7197865441354,15.0,418.1940464035395,841.0
0.0,124.86439109646119,521.0,530.0,99.0,617.0,215.9413255582188,92.0,0.0,696.0
0.0,190.3394378000758,942.0,515.0,63.0,520.0,0.0,18.0,49.37388578034007,7.0
1.0,219.42299882149615,509.0,226.0,464.0,648.0,424.84745126628235,794.0,0.0,665.0
1.0,201.80869640492514,888.0,62.0,344.0,309.0,0.0,996.0,570.8329498167762,597.0
2.0,402.2615983528288,984.0,147.0,720.0,797.0,297.39112430785826,125.0,573.7367465915462,25.0
2.0,438.8802127232439,492.0,997.0,857.0,808.0,603.0552098127396,991.0,81.85100119603146,515.0
2.0,201.96479622192018,349.0,436.0,943.0,250.0,478.52893835398214,277.0,467.99385782292586,741.0
0.0,0.0,51.0,795.0,571.0,742.0,0.0,863.0,0.0,317.0
0.0,0.0,527.0,592.0,121.0,165.0,0.0,675.0,0.0,928.0
1.0,345.28159204731384,696.0,476.0,868.0,662.0,133.8051947306253,451.0,453.59251388152455,957.0
1.0,295.7713734592441,28.0,312.0,350.0,638.0,0.0,648.0,0.0,532.0
1.0,0.0,819.0,894.0,119.0,925.0,100.43705673758083,65.0,0.0,604.0
2.0,352.23109187356056,50.0,697.0,418.0,714.0,322.88734828656385,561.0,410.20112393206733,308.0
0.0,0.0,350.0,980.0,27.0,240.0,159.66430207973397,927.0,0.0,176.0
0.0,26.477980476181738,707.0,716.0,555.0,339.0,0.0,453.0,114.69073653374852,129.0
0.0,167.92027682084,613.0,268.0,517.0,839.0,8.211703318876488,349.0,112.40515052474885,214.0
2.0,634.0781970712546,959.0,13.0,592.0,182.0,838.3633424214074,695.0,421.85962643709763,346.0
1.0,159.66124543399238,988.0,660.0,905.0,994.0,134.98334099159234,108.0,426.19222676494616,114.0
1.0,526.8874684023846,794.0,692.0,147.0,61.0,0.0,24.0,0.0,817.0
1.0,522.2997410389188,201.0,643.0,993.0,540.0,112.71620999439206,769.0,0.0,484.0
0.0,0.0,730.0,87.0,742.0,53.0,6.41756086822913,149.0,0.0,654.0
2.0,439.9938051274909,709.0,115.0,982.0,658.0,395.6870196773096,719.0,486.8957469996871,193.0
2.0,983.4011375317652,44.0,298.0,968.0,160.0,193.13669605637406,45.0,15.602005518495329,54.0
0.0,304.1834600958642,313.0,648.0,945.0,131.0,361.08576287862024,119.0,0.0,96.0
2.0,635.1232159162997,167.0,122.0,1000.0,636.0,552.2823309265053,403.0,263.6237312250497,869.0
0.0,191.19666195502882,831.0,63.0,213.0,512.0,0.0,473.0,653.0666922493007,190.0
2.0,375.77799830522645,264.0,22.0,393.0,715.0,452.0462932207745,17.0,431.6884978335295,703.0
1.0,2.5856794377071997,140.0,132.0,264.0,886.0,0.0,211.0,498.844771519867,23.0
1.0,456.9963619136641,305.0,691.0,504.0,727.0,215.7620715236831,872.0,475.3158028075769,62.0
0.0,169.62726868478126,524.0,356.0,588.0,663.0,765.2257002129556,916.0,299.6671501647567,118.0
2.0,476.61095779322767,587.0,799.0,719.0,960.0,279.4207350028173,498.0,293.93069488150246,820.0
2.0,262.7474568711393,270.0,602.0,749.0,681.0,345.33889407516506,279.0,262.6367175671866,882.0
1.0,295.4130256193454,518.0,813.0,327.0,913.0,651.5886930985463,134.0,490.54383155124293,630.0
2.0,655.5848587963216,3.0,714.0,493.0,356.0,941.2962578857823,123.0,543.0216517534487,166.0
2.0,446.22943511498096,9.0,538.0,590.0,730.0,479.06852536845696,448.0,1000.0,409.0
2.0,435.4195470498669,173.0,388.0,8.0,936.0,730.1256312847154,419.0,480.68505637950744,496.0
1.0,0.0,102.0,235.0,557.0,809.0,497.5780189106163,499.0,0.0,811.0
0.0,0.0,768.0,315.0,466.0,496.0,262.4879627970907,660.0,57.34290059830024,914.0
2.0,324.9702871651518,886.0,687.0,533.0,880.0,394.1279238665362,384.0,942.19713139899,643.0
2.0,450.38176325078564,818.0,279.0,194.0,390.0,490.25932278851303,830.0,0.0,351.0
2.0,251.55312297570876,106.0,312.0,629.0,52.0,617.5675401083337,870.0,803.5741024840846,922.0
0.0,218.37435256153958,260.0,139.0,463.0,730.0,361.7008048730206,672.0,0.0,535.0
2.0,994.6492095632408,313.0,779.0,744.0,682.0,279.37853567049245,595.0,0.0,483.0
1.0,626.0308357129629,835.0,511.0,400.0,88.0,0.0,663.0,0.0,68.0
2.0,538.9566934450173,693.0,369.0,988.0,199.0,553.4898355769682,960.0,595.3341127726303,462.0
2.0,352.7052872555201,42.0,856.0,717.0,724.0,706.0054508590416,376.0,784.8953000166487,169.0
0.0,182.88999324427937,249.0,544.0,629.0,638.0,298.7249274026543,934.0,0.0,653.0
0.0,69.68363397240856,47.0,240.0,359.0,411.0,419.4111969297698,231.0,0.0,511.0
1.0,160.79241035513311,964.0,220.0,646.0,706.0,267.65104432922055,463.0,85.30047089976777,106.0
2.0,511.38583031153166,370.0,592.0,28.0,411.0,660.7043072061206,915.0,450.63352214645056,873.0
1.0,550.2793891152767,922.0,51.0,324.0,134.0,381.0447163188845,243.0,251.03093143162553,146.0
0.0,0.0,722.0,227.0,398.0,953.0,244.8265348069198,728.0,287.0091299890709,253.0
0.0,0.0,170.0,988.0,686.0,515.0,154.39299945635517,377.0,70.94425859030669,710.0
2.0,543.7816097550806,632.0,156.0,942.0,491.0,582.9772919935738,188.0,371.25522717087694,413.0
2.0,938.7911729149076,627.0,383.0,590.0,843.0,411.13653697071555,966.0,83.43640325653016,283.0
0.0,419.4244023100785,582.0,822.0,717.0,748.0,0.0,26.0,0.0,429.0
2.0,824.7399469651363,138.0,423.0,103.0,436.0,492.28945786537855,172.0,516.172921807393,731.0
0.0,0.0,997.0,795.0,361.0,900.0,0.0,111.0,0.0,506.0
2.0,814.6396323073604,299.0,135.0,658.0,239.0,0.0,796.0,847.8512910000846,307.0
1.0,302.09749704175584,108.0,941.0,840.0,673.0,0.0,767.0,0.0,66.0
0.0,0.0,605.0,87.0,556.0,291.0,0.0,668.0,231.944183973686,717.0
1.0,0.0,788.0,556.0,79.0,746.0,337.655775385453,996.0,0.0,736.0
1.0,184.88890341914555,248.0,398.0,0.0,768.0,186.44243877328415,149.0,169.9447196276971,856.0
0.0,3.4770785271168267,80.0,208.0,382.0,289.0,1000.0,199.0,0.0,82.0
1.0,356.74636139728,894.0,949.0,287.0,331.0,425.29017182303227,593.0,434.22904768225567,497.0
2.0,340.40447890805467,489.0,643.0,416.0,824.0,886.8757529412541,469.0,402.17212849700496,30.0
1.0,209.86427717097962,869.0,232.0,518.0,820.0,460.0688245433313,861.0,941.778081953144,275.0
2.0,0.0,141.0,243.0,667.0,233.0,711.1727546726901,525.0,166.03908684736479,812.0
1.0,641.880300194196,188.0,252.0,423.0,158.0,60.53991329957673,702.0,219.16759749619715,674.0
1.0,0.0,493.0,794.0,752.0,634.0,79.58980369153574,794.0,376.81278953391495,758.0
1.0,0.0,818.0,318.0,148.0,346.0,223.15138632957556,46.0,13.878669492384962,291.0
1.0,301.3260441290311,737.0,349.0,223.0,103.0,0.0,212.0,0.0,772.0
0.0,242.83553729361358,414.0,68.0,95.0,981.0,307.8648903351832,165.0,147.18691958866592,793.0
2.0,700.0564971423655,984.0,311.0,522.0,449.0,968.0875173561175,651.0,568.0690694500701,719.0
1.0,632.9179541933796,978.0,649.0,725.0,910.0,288.79036225779646,269.0,755.8337135880407,260.0
0.0,0.0,110.0,693.0,524.0,526.0,79.7346961262055,711.0,74.48582467508409,611.0
0.0,75.46992372803133,446.0,740.0,372.0,634.0,214.47975878316942,42.0,11.466449051441419,976.0
2.0,352.75382305425677,704.0,386.0,620.0,320.0,550.5913126616236,431.0,802.2513003890813,34.0
1.0,235.1398338575277,211.0,113.0,742.0,845.0,0.0,241.0,570.5895632128481,822.0
2.0,724.1217249985926,59.0,285.0,218.0,310.0,469.99177551886345,179.0,534.7562772208241,311.0
0.0,0.0,796.0,270.0,912.0,253.0,565.2473110851474,267.0,0.0,644.0
2.0,505.74199719588114,653.0,512.0,407.0,995.0,466.8575808536188,262.0,271.1041140386037,683.0
2.0,0.0,759.0,993.0,854.0,897.0,450.46239004092496,811.0,526.5291235030038,932.0
0.0,0.0,626.0,388.0,783.0,924.0,0.0,236.0,0.0,350.0
0.0,0.0,965.0,815.0,708.0,679.0,0.0,162.0,527.2397830021235,904.0
0.0,150.2644691961055,860.0,851.0,398.0,589.0,474.53289663981974,846.0,250.34826143945202,296.0
2.0,801.6822259185693,945.0,242.0,492.0,853.0,64.8361853475511,39.0,253.04902177553896,210.0
2.0,347.2944728476252,79.0,708.0,524.0,885.0,580.2884061870595,69.0,130.00956980645978,167.0
1.0,60.028783029913725,93.0,70.0,308.0,384.0,391.9409711345714,657.0,432.7011797201136,692.0
2.0,1000.0,984.0,704.0,682.0,666.0,370.12046070474634,893.0,358.5097283253873,299.0
1.0,534.8642052598778,334.0,640.0,950.0,829.0,0.0,364.0,0.0,331.0
1.0,0.0,456.0,64.0,727.0,811.0,296.50836510008753,464.0,467.5947549946321,778.0
0.0,0.0,549.0,870.0,515.0,39.0,319.4168842619307,238.0,0.0,255.0
1.0,527.108957964357,725.0,348.0,151.0,146.0,727.002111507268,701.0,450.2350935356249,474.0
0.0,0.0,782.0,771.0,16.0,568.0,415.6588105255416,933.0,83.49071761602497,246.0
1.0,0.0,380.0,353.0,645.0,855.0,297.7603946053599,255.0,140.0611680318094,925.0
0.0,0.0,552.0,985.0,879.0,838.0,153.22022134343803,807.0,168.93957059546833,816.0
1.0,169.81710036289354,31.0,196.0,731.0,600.0,268.2457444850262,78.0,128.4595471377945,347.0
2.0,85.06342041190159,150.0,107.0,515.0,665.0,1000.0,42.0,895.554082656949,109.0
2.0,234.8260479990954,866.0,327.0,609.0,176.0,118.51668225261999,669.0,321.2212639819652,444.0
2.0,252.40367167916614,829.0,440.0,466.0,900.0,624.4911726466016,778.0,604.5196595985914,677.0
2.0,605.2540122639052,775.0,295.0,520.0,512.0,203.56999743948992,596.0,951.6690923750252,592.0
0.0,0.0,924.0,281.0,390.0,179.0,643.2538585426485,470.0,173.75483954088563,857.0
2.0,881.3052856286823,657.0,439.0,726.0,116.0,639.3619090464234,269.0,510.99825035050117,174.0
1.0,423.11895860172785,353.0,787.0,48.0,883.0,842.8236326466953,601.0,429.97781743965976,727.0
1.0,464.3972129902187,727.0,205.0,257.0,868.0,611.4015109497234,376.0,423.0595258078887,610.0
1.0,0.0,915.0,773.0,767.0,774.0,906.2809258465587,834.0,364.10430058876966,736.0
1.0,463.7255087595768,633.0,38.0,929.0,16.0,459.5968038190456,646.0,0.0,911.0
2.0,538.3901293778257,203.0,970.0,303.0,582.0,889.3519973872058,667.0,425.1925655828666,967.0
1.0,352.0562620396558,793.0,55.0,2.0,28.0,311.68414592156813,586.0,0.0,15.0
2.0,411.15909865017073,383.0,55.0,724.0,521.0,600.2362963332577,157.0,479.583256308224,630.0
2.0,471.4987851507496,878.0,540.0,650.0,217.0,138.2228060533584,579.0,28.288305977224013,142.0
2.0,678.3743349489007,416.0,943.0,539.0,863.0,733.8394168334664,351.0,642.6723105401321,408.0
0.0,145.89274141201375,76.0,763.0,556.0,924.0,0.0,336.0,88.17916474977476,342.0
1.0,284.06797495785156,673.0,464.0,471.0,508.0,147.93967220814943,218.0,0.0,740.0
1.0,49.449209283505596,396.0,750.0,891.0,27.0,157.7505260175053,491.0,0.0,232.0
2.0,633.6765583893658,325.0,169.0,57.0,554.0,215.48815150537686,253.0,150.368833970669,161.0
0.0,185.7051347730108,551.0,265.0,12.0,898.0,0.0,691.0,148.90652908471253,22.0
2.0,922.9950118161087,20.0,811.0,153.0,719.0,358.4049283855018,330.0,147.8286293234966,74.0
2.0,434.5312741727685,647.0,56.0,904.0,129.0,827.9592395070085,581.0,923.3267439128598,29.0
2.0,285.22428073723836,386.0,880.0,957.0,240.0,357.4457474109613,583.0,402.2155203111647,553.0
2.0,906.435229747893,254.0,550.0,443.0,304.0,1000.0,196.0,718.6943639510934,602.0
1.0,0.0,245.0,226.0,354.0,776.0,371.4437690505489,977.0,823.970563450414,587.0
1.0,65.36696717709609,286.0,897.0,94.0,845.0,0.0,796.0,491.5801771408304,314.0
2.0,714.9058260384523,507.0,527.0,704.0,56.0,189.37422607309566,25.0,795.1064190820472,296.0
1.0,409.5124974532162,473.0,584.0,324.0,514.0,378.31760198611676,715.0,91.53745867009717,171.0
1.0,619.9593451455384,782.0,920.0,31.0,341.0,720.3803101179703,522.0,447.3321636384974,897.0
1.0,310.55215079265656,201.0,627.0,837.0,923.0,51.76266235101754,451.0,67.73683319645696,188.0
0.0,0.0,941.0,592.0,905.0,381.0,0.0,1000.0,0.0,352.0
1.0,615.9519934621882,918.0,205.0,209.0,76.0,0.0,789.0,0.0,415.0
2.0,280.11413413957894,603.0,191.0,264.0,509.0,509.954024097363,61.0,447.1238936281998,12.0
1.0,112.77662881229554,396.0,690.0,858.0,574.0,577.916724942094,243.0,251.412767119425,305.0
0.0,0.0,456.0,534.0,841.0,103.0,128.18263974081842,191.0,224.95437435766283,765.0
0.0,0.0,701.0,705.0,240.0,114.0,0.0,932.0,431.27577083784814,140.0
0.0,12.97654492569709,207.0,343.0,637.0,549.0,0.0,858.0,425.40488895190225,127.0
0.0,0.0,201.0,230.0,273.0,55.0,0.0,518.0,368.82747206996305,702.0
0.0,0.0,68.0,517.0,185.0,5.0,386.1930376855809,105.0,575.2275660630886,105.0
0.0,0.0,625.0,41.0,970.0,493.0,92.71943914471062,478.0,0.0,228.0
1.0,298.40178360437517,90.0,375.0,459.0,501.0,559.4179918771224,721.0,321.8445062688636,768.0
1.0,261.9699425430849,302.0,110.0,948.0,815.0,0.0,884.0,42.66802946002137,635.0
1.0,0.0,154.0,767.0,849.0,919.0,449.57017956792214,623.0,0.0,537.0
2.0,583.5694378037499,147.0,748.0,286.0,513.0,333.2369899832797,16.0,409.88344848183954,711.0
2.0,389.4220397150815,893.0,375.0,150.0,769.0,312.61899922045404,115.0,361.2338582151003,167.0
1.0,0.0,977.0,731.0,136.0,74.0,225.54011386149924,765.0,93.77934985660933,347.0
1.0,130.19505696346488,997.0,234.0,351.0,556.0,284.61161987467614,857.0,97.08706477815743,219.0
1.0,877.7867554047049,569.0,253.0,762.0,701.0,0.0,323.0,0.0,543.0
2.0,859.3205222294715,344.0,143.0,122.0,284.0,737.7606024947726,158.0,113.4925836217216,704.0
1.0,116.33116144332551,125.0,618.0,518.0,889.0,0.0,780.0,806.3763887895909,145.0
0.0,0.0,925.0,329.0,445.0,302.0,0.0,575.0,0.0,654.0
0.0,0.0,243.0,506.0,342.0,142.0,0.0,23.0,0.0,445.0
2.0,476.83461910343505,903.0,291.0,101.0,594.0,0.0,903.0,536.7298241502087,466.0
1.0,805.2868272786442,737.0,771.0,287.0,655.0,2.6814816935713033,589.0,0.0,589.0
0.0,0.0,916.0,64.0,341.0,866.0,365.93905776265603,774.0,0.0,282.0
0.0,0.0,908.0,437.0,352.0,271.0,550.7363371480636,179.0,298.43172917193334,202.0
0.0,922.6021760289034,220.0,446.0,235.0,101.0,183.34814147516062,983.0,43.89662096834509,37.0
1.0,570.4031646181845,60.0,631.0,497.0,614.0,362.1651266938131,276.0,442.79612402232715,373.0
2.0,876.1188082605778,671.0,938.0,954.0,863.0,749.7752646734394,910.0,233.1626539729312,492.0
2.0,555.5123943705013,31.0,10.0,395.0,42.0,684.438459990958,661.0,746.5004412336028,904.0
1.0,429.3879444621186,258.0,794.0,777.0,200.0,334.2060234350857,204.0,88.70986224681494,569.0
2.0,646.7226776154529,485.0,633.0,681.0,346.0,460.53663580369965,256.0,695.6509991885465,954.0
0.0,0.0,375.0,409.0,313.0,221.0,0.0,517.0,0.0,11.0
2.0,1000.0,406.0,860.0,639.0,413.0,730.5936302005592,92.0,498.73777435386097,966.0
2.0,886.2039687739142,69.0,329.0,356.0,708.0,858.825540786507,627.0,871.3295947361031,952.0
1.0,0.0,764.0,244.0,922.0,200.0,570.0907545745794,348.0,536.4198254307122,368.0
0.0,0.0,55.0,855.0,558.0,403.0,200.1631015803269,248.0,0.0,8.0
2.0,0.0,712.0,115.0,444.0,406.0,643.7931488285918,200.0,158.78360303737935,227.0
2.0,675.8882501700998,187.0,583.0,899.0,148.0,232.63641278345415,199.0,211.15583426087855,918.0
0.0,276.47481870176523,497.0,235.0,477.0,747.0,0.0,709.0,9.281910056087385,797.0
2.0,571.6497950928184,329.0,234.0,341.0,541.0,254.21749193175526,513.0,123.27973675999208,908.0
2.0,699.8641674400459,490.0,738.0,493.0,920.0,810.2323065987034,694.0,157.114567688557,247.0
2.0,275.09813293384786,703.0,13.0,598.0,681.0,945.2038938918703,699.0,415.3287561458378,71.0
1.0,15.9637280097383,15.0,59.0,234.0,139.0,201.63492980881415,599.0,189.76540487338676,890.0
2.0,502.7071455863402,715.0,882.0,437.0,383.0,145.46343400845475,665.0,622.4429954652544,495.0
0.0,694.500287562764,177.0,4.0,540.0,471.0,12.973297042099725,34.0,213.83460620481958,278.0
1.0,651.3302349521299,941.0,979.0,775.0,970.0,713.2763941661799,560.0,251.64959683984128,894.0
1.0,0.0,926.0,892.0,133.0,619.0,66.5014362773372,562.0,680.1618639749755,151.0
2.0,801.4612486628048,296.0,925.0,627.0,636.0,682.0317630829134,302.0,249.32034278634927,401.0
2.0,210.00671642807512,385.0,650.0,498.0,671.0,623.523922542308,672.0,195.53477217215044,448.0
1.0,20.249686579776082,990.0,199.0,830.0,98.0,0.0,935.0,0.0,324.0
2.0,394.21488872068585,810.0,661.0,90.0,329.0,907.6466452726306,880.0,780.516125647803,625.0
1.0,51.77191150079536,945.0,751.0,753.0,795.0,293.7572952353206,749.0,841.543090837319,25.0
2.0,442.2362333287714,206.0,138.0,465.0,715.0,503.555904058583,348.0,551.9049888417287,327.0
0.0,363.4587292065631,89.0,425.0,981.0,303.0,193.95852781863897,647.0,191.1959097220398,474.0
1.0,0.0,762.0,183.0,595.0,973.0,162.85962620858473,536.0,519.407007770243,327.0
1.0,274.2137199587897,696.0,836.0,7.0,710.0,646.4742738213536,947.0,0.0,328.0
2.0,277.21053580066166,144.0,553.0,49.0,817.0,504.4852108893571,88.0,534.9122635861722,164.0
2.0,905.9662600854547,527.0,834.0,924.0,517.0,139.29451221126112,599.0,651.2040237851285,759.0
0.0,208.54741857992667,886.0,654.0,704.0,340.0,0.0,232.0,41.47255057693034,825.0
1.0,583.3346576698214,815.0,182.0,628.0,584.0,825.5226316513987,201.0,636.2361131790057,316.0
2.0,583.5830713340018,573.0,646.0,131.0,410.0,615.613015755488,268.0,770.604864038053,935.0
2.0,535.2828887933935,321.0,976.0,510.0,426.0,897.920530144509,246.0,247.25185589706305,121.0
0.0,187.7090633142624,351.0,846.0,535.0,593.0,0.0,805.0,0.0,977.0
0.0,11.915292507883757,704.0,730.0,817.0,344.0,722.2242241761357,305.0,57.39232204497212,142.0
1.0,420.346381851567,328.0,733.0,584.0,166.0,292.0648860213211,19.0,0.0,895.0
1.0,158.26240029520415,737.0,902.0,75.0,43.0,0.0,203.0,0.0,479.0
0.0,0.0,552.0,795.0,545.0,245.0,95.24781940880445,818.0,89.21119454464647,735.0
0.0,252.78655058515093,265.0,808.0,762.0,512.0,491.0298380011271,661.0,111.54566715166871,834.0
2.0,568.0720272448773,202.0,660.0,421.0,858.0,1000.0,119.0,1000.0,380.0
0.0,10.481947851839257,69.0,702.0,569.0,551.0,302.5499548098203,246.0,0.0,34.0
1.0,421.18748626267575,227.0,630.0,535.0,423.0,510.54890642879684,230.0,0.0,718.0
2.0,766.9258858440285,931.0,29.0,920.0,838.0,410.0202462574786,490.0,894.198144501179,864.0
1.0,74.48491396936771,571.0,497.0,735.0,167.0,95.34724355714638,643.0,693.5519155337608,636.0
2.0,708.9418295462091,809.0,180.0,604.0,374.0,611.9902469389343,608.0,479.95874629146766,121.0
1.0,534.4816331925189,347.0,119.0,637.0,590.0,0.0,433.0,410.25507265501795,388.0
2.0,0.0,947.0,845.0,576.0,671.0,450.8108036812554,147.0,466.5490519032745,532.0
1.0,289.8936497588783,25.0,154.0,604.0,533.0,509.7378804311268,390.0,158.7920775073276,544.0
1.0,76.69522096531016,349.0,977.0,855.0,375.0,583.4016633191761,669.0,407.7949065147176,53.0
2.0,0.0,440.0,434.0,580.0,644.0,327.81102888992706,525.0,275.31456193640116,9.0
1.0,45.8879365324711,895.0,436.0,89.0,463.0,682.1832054811975,473.0,164.8150054181252,485.0
1.0,123.7099467745345,278.0,358.0,809.0,529.0,413.7754893305989,522.0,238.03882737941728,600.0
0.0,489.3439112228575,382.0,62.0,107.0,359.0,269.9528700020835,65.0,0.0,127.0
1.0,536.4734311291558,866.0,815.0,83.0,64.0,0.0,153.0,599.3305304047996,370.0
1.0,778.2710842182645,797.0,215.0,673.0,293.0,0.0,503.0,434.4969072076529,131.0
0.0,0.0,328.0,529.0,15.0,913.0,123.1218081761022,416.0,0.0,818.0
0.0,508.4179087727329,60.0,348.0,593.0,296.0,257.8167420414829,813.0,16.156012537987596,75.0
2.0,259.88458063470847,995.0,584.0,226.0,35.0,417.01778484486584,397.0,575.8484899996463,518.0
0.0,293.84873857340204,526.0,886.0,404.0,38.0,341.88328184131973,30.0,253.8034931844093,632.0
1.0,594.6537738663599,366.0,727.0,552.0,549.0,599.4983571899941,641.0,698.0201480020761,304.0
1.0,0.0,742.0,633.0,510.0,641.0,474.0146497097207,426.0,388.31884297801287,435.0
0.0,0.0,948.0,334.0,719.0,340.0,394.2401750367704,854.0,0.0,890.0
0.0,170.9887319015067,714.0,589.0,362.0,289.0,0.0,802.0,186.42426062401717,643.0
0.0,8.288828891789665,590.0,261.0,212.0,332.0,0.0,583.0,587.6950946969656,886.0
1.0,413.8285433716154,262.0,159.0,894.0,106.0,27.507040235304398,266.0,744.070051151144,875.0
2.0,724.4271638003823,893.0,129.0,596.0,730.0,77.41809111925912,366.0,466.3779761903643,895.0
1.0,39.356925260641376,845.0,50.0,311.0,166.0,395.3995873360449,656.0,278.4639895623828,214.0
0.0,0.0,587.0,277.0,524.0,998.0,270.1488743784283,245.0,156.77801680803492,317.0
0.0,0.0,706.0,36.0,771.0,293.0,0.0,244.0,0.0,830.0
0.0,126.82097479917323,844.0,142.0,923.0,688.0,0.0,572.0,0.0,970.0
2.0,1000.0,616.0,444.0,660.0,525.0,605.3626549515976,987.0,429.55139736131036,409.0
2.0,673.1573735408325,334.0,807.0,287.0,438.0,966.9139917561189,605.0,345.4842937063511,994.0
2.0,321.28748162125174,428.0,929.0,618.0,228.0,766.4741285664746,993.0,996.309734676074,609.0
0.0,213.2125085055865,465.0,237.0,219.0,251.0,194.4421863912749,904.0,253.18045235864633,131.0
1.0,386.97715241060104,877.0,555.0,271.0,485.0,177.46710733132926,657.0,437.65096919826436,571.0
2.0,868.460377378666,452.0,643.0,930.0,747.0,483.6712390253331,815.0,1000.0,280.0
0.0,80.4765096811657,969.0,41.0,607.0,395.0,0.0,898.0,186.81634086594212,470.0
2.0,794.5666856252315,511.0,801.0,636.0,33.0,605.7621588182602,485.0,734.9131547716667,247.0
0.0,0.0,812.0,166.0,715.0,790.0,138.12988211263135,708.0,47.87506868933044,338.0
1.0,341.17531642432107,819.0,396.0,735.0,303.0,843.3216762762816,668.0,257.27815147365646,961.0
1.0,175.27366123477685,163.0,594.0,107.0,183.0,86.92836961946082,101.0,505.08378874847847,385.0
1.0,192.44223077991904,490.0,493.0,871.0,786.0,654.2399510765014,821.0,168.48798718310363,163.0
0.0,0.0,609.0,877.0,349.0,770.0,0.0,187.0,0.0,384.0
2.0,285.7070443720563,187.0,731.0,25.0,560.0,558.1179609908304,229.0,250.85127245436206,554.0
2.0,868.9029698905907,387.0,737.0,631.0,793.0,732.9746378384974,646.0,651.797443895355,867.0
2.0,1000.0,870.0,431.0,643.0,459.0,259.71313904849563,137.0,582.6039467318192,867.0
2.0,414.26252871272834,487.0,237.0,198.0,116.0,393.9968644265652,606.0,495.2272392339423,609.0
2.0,377.7529975978991,898.0,83.0,740.0,586.0,156.9729257716746,775.0,567.5410992284231,360.0
0.0,462.53419945350316,755.0,220.0,491.0,978.0,0.0,746.0,0.0,316.0
0.0,447.5263468578984,334.0,675.0,649.0,878.0,0.0,684.0,109.53607986453044,63.0
1.0,348.37120177549366,938.0,772.0,997.0,943.0,354.2763595046278,796.0,0.0,320.0
1.0,107.1159344134085,307.0,369.0,229.0,805.0,13.164852000145105,800.0,198.77266296002992,492.0
2.0,641.935346782417,884.0,467.0,702.0,125.0,874.8016160739658,859.0,1000.0,478.0
0.0,92.6222998035605,478.0,825.0,141.0,703.0,0.0,966.0,144.1688019974817,104.0
2.0,526.3789043277474,613.0,399.0,808.0,850.0,232.811780380736,797.0,856.7099308679385,599.0
0.0,547.7046430258961,266.0,474.0,166.0,136.0,58.88267557003583,443.0,0.0,195.0
0.0,254.18002483736666,241.0,63.0,581.0,503.0,80.94359187734783,671.0,419.45227087796354,751.0
1.0,604.5320534475268,839.0,801.0,698.0,928.0,63.022663816623584,217.0,508.4097968418422,709.0
1.0,0.0,749.0,617.0,460.0,583.0,270.3645039034599,593.0,390.49555563803654,752.0
1.0,0.0,809.0,365.0,701.0,626.0,0.0,564.0,69.80762914512114,2.0
0.0,301.8025849855638,890.0,241.0,16.0,915.0,312.70706140916695,280.0,0.0,611.0
1.0,177.99890661430078,308.0,976.0,942.0,593.0,510.4243451811002,640.0,632.3153946151847,840.0
0.0,653.7654657657922,151.0,620.0,141.0,858.0,41.75245617548682,534.0,0.0,908.0
0.0,0.0,818.0,448.0,221.0,164.0,0.0,749.0,382.426593074576,637.0
0.0,222.67345855472178,530.0,541.0,635.0,303.0,66.80615262429835,859.0,237.42392486514143,642.0
2.0,355.83893806543813,657.0,64.0,631.0,715.0,1000.0,214.0,492.3151823032068,611.0
0.0,0.0,69.0,763.0,839.0,812.0,153.84275021426527,907.0,0.0,429.0
1.0,328.227082808927,95.0,8.0,85.0,720.0,442.20002479822637,421.0,0.0,112.0
2.0,870.5080250302944,962.0,179.0,945.0,503.0,311.62340916531116,827.0,391.76395191357483,156.0
1.0,64.99001931097179,172.0,452.0,573.0,721.0,484.7676499769625,45.0,451.93089900786146,943.0
1.0,1000.0,20.0,518.0,548.0,541.0,0.0,770.0,257.9966927543154,2.0
1.0,521.93850146463,380.0,40.0,470.0,355.0,422.8015549034194,18.0,431.6965221383323,487.0
2.0,527.0762299196111,529.0,676.0,427.0,535.0,798.6835518606226,935.0,603.6884321112262,722.0
0.0,0.0,997.0,665.0,229.0,286.0,0.0,516.0,140.16766555280896,227.0
1.0,418.6726502264513,884.0,593.0,271.0,551.0,622.4232816704158,83.0,0.0,762.0
1.0,0.0,819.0,244.0,247.0,639.0,0.0,387.0,581.8967826395816,422.0
1.0,743.1858870704265,120.0,445.0,472.0,597.0,0.0,260.0,400.6646634403118,255.0
2.0,744.468446225521,127.0,41.0,512.0,543.0,810.7744944672976,869.0,542.9016481384726,146.0
1.0,348.26410035194175,589.0,679.0,17.0,959.0,223.98602524714778,438.0,389.11689867446586,433.0
0.0,0.0,656.0,953.0,552.0,794.0,0.0,814.0,26.102796960860072,171.0
2.0,630.6491597994374,348.0,356.0,227.0,147.0,360.0419581681313,308.0,1000.0,326.0
2.0,1000.0,12.0,452.0,616.0,756.0,631.2208330637491,79.0,713.5133606044385,626.0
2.0,646.2884593315757,1.0,283.0,980.0,99.0,623.5265576642914,717.0,359.4644155447686,89.0
0.0,0.0,509.0,264.0,102.0,698.0,535.6104808354455,103.0,0.0,170.0
2.0,952.5897644589802,636.0,586.0,11.0,44.0,415.2862228659586,607.0,624.1040178448054,769.0
0.0,0.0,851.0,1.0,240.0,205.0,24.316925517839504,169.0,0.0,374.0
2.0,850.8151310593676,625.0,840.0,700.0,801.0,988.5652664993692,864.0,408.6841383967903,498.0
1.0,0.0,708.0,885.0,554.0,63.0,0.0,788.0,686.6727588661532,824.0
0.0,733.009702472385,989.0,372.0,341.0,286.0,486.37623019813685,37.0,414.0466298264897,240.0
1.0,289.0107340489755,452.0,888.0,861.0,620.0,546.632759073738,49.0,17.56980584485856,293.0
2.0,1000.0,382.0,731.0,624.0,451.0,795.1960301586249,549.0,0.0,88.0
0.0,720.0363982076201,697.0,330.0,931.0,784.0,592.4540257317783,293.0,17.765388147520998,543.0
1.0,441.7943134615749,770.0,812.0,616.0,320.0,743.9148302699383,442.0,337.29577109094834,410.0
2.0,634.5601774359995,138.0,14.0,993.0,433.0,566.6948634470994,154.0,829.8420634513665,222.0
2.0,715.8964182078732,300.0,476.0,999.0,571.0,639.2252862430433,125.0,865.5955253829229,992.0
1.0,556.0386787320635,498.0,544.0,790.0,570.0,209.25604736367754,34.0,426.2926476291344,818.0
0.0,281.2435183585575,672.0,196.0,260.0,378.0,20.353183951402134,27.0,0.0,587.0
1.0,47.8451504934504,842.0,963.0,465.0,329.0,202.18024072166858,800.0,680.2107201793547,286.0
2.0,476.7419635009147,147.0,164.0,178.0,330.0,1000.0,86.0,854.213544371745,777.0
1.0,0.0,824.0,77.0,930.0,53.0,11.643221616579055,149.0,813.9662459726069,990.0
0.0,417.68364149251437,418.0,525.0,865.0,615.0,2.353825905201949,588.0,0.0,444.0
2.0,753.0657080639953,230.0,905.0,941.0,638.0,667.3814366714058,403.0,956.420824095435,366.0
2.0,43.695771920373666,158.0,504.0,224.0,585.0,53.293936576782,340.0,718.7820953212761,192.0
0.0,5.094154452644583,58.0,793.0,730.0,127.0,23.98314731837179,117.0,351.0126621662624,639.0
1.0,184.27537780277325,454.0,504.0,870.0,901.0,768.7442863336468,653.0,103.48527479740844,70.0
1.0,467.6228297649496,583.0,530.0,335.0,462.0,98.55232324924465,390.0,865.8354803390699,520.0
1.0,65.32290641409507,87.0,249.0,514.0,630.0,697.8253920727134,459.0,376.4270075339288,246.0
2.0,661.682041599129,620.0,722.0,624.0,942.0,770.1954598281961,289.0,592.1085557000031,44.0
2.0,260.7801699842286,647.0,206.0,746.0,484.0,774.9744984860176,741.0,573.9724400514415,330.0
0.0,0.0,919.0,890.0,143.0,458.0,0.0,323.0,529.3318966245023,194.0
0.0,73.07728178082125,512.0,764.0,755.0,630.0,0.0,14.0,0.0,24.0
2.0,886.8815581272531,567.0,42.0,387.0,229.0,232.42736832694715,193.0,1000.0,26.0
1.0,101.60222813825423,312.0,63.0,363.0,792.0,0.0,907.0,4.450086660876287,242.0
0.0,0.0,173.0,795.0,5.0,490.0,0.0,555.0,0.0,343.0
0.0,168.1585371857604,75.0,389.0,359.0,96.0,109.29139258348083,381.0,0.0,25.0
1.0,0.0,308.0,994.0,563.0,543.0,682.4280776651555,683.0,204.74588953722946,339.0
2.0,386.0950894634075,752.0,246.0,177.0,550.0,254.4668135475507,973.0,740.2911948500537,795.0
1.0,0.0,658.0,236.0,104.0,162.0,492.0151232457194,575.0,743.4904242784332,148.0
1.0,138.95237446006797,396.0,102.0,923.0,115.0,0.0,868.0,235.08194139973142,815.0
0.0,219.7967561075912,364.0,962.0,239.0,126.0,0.0,570.0,0.0,513.0
2.0,775.157425046407,703.0,220.0,308.0,487.0,494.32539067789577,945.0,503.1398139437124,47.0
0.0,295.83027392449327,469.0,66.0,750.0,0.0,0.0,537.0,211.93333409973238,516.0
1.0,0.0,865.0,43.0,164.0,239.0,0.0,543.0,0.0,841.0
1.0,0.0,364.0,757.0,712.0,0.0,101.1648824877229,438.0,844.4642669472253,703.0
0.0,145.54696554975052,101.0,686.0,55.0,608.0,0.0,223.0,297.19527911366674,66.0
0.0,0.0,583.0,450.0,1.0,402.0,0.0,564.0,0.0,518.0
2.0,890.467399285154,575.0,749.0,579.0,477.0,437.33653994262926,506.0,498.6406846361788,321.0
0.0,0.0,429.0,74.0,66.0,341.0,38.71106927148238,936.0,0.0,836.0
2.0,875.2740386088096,261.0,767.0,2.0,56.0,447.4609535609075,748.0,470.6731711035299,222.0
2.0,691.2416317481348,708.0,622.0,227.0,606.0,342.6389328160477,810.0,770.7262176963596,911.0
2.0,650.013065980829,920.0,854.0,748.0,405.0,268.18296407373265,979.0,358.2916543399911,14.0
1.0,494.48041993258823,430.0,852.0,171.0,647.0,774.5762818169067,931.0,0.0,440.0
0.0,118.58690693673077,515.0,893.0,542.0,665.0,0.0,242.0,0.0,44.0
2.0,655.1854807243228,388.0,240.0,706.0,630.0,91.95118676940115,924.0,309.7162812948537,172.0
1.0,680.2969615090586,532.0,283.0,92.0,767.0,715.3999268511322,241.0,367.28413979933623,822.0
1.0,451.59459601618744,907.0,80.0,207.0,223.0,628.607032990205,495.0,0.0,337.0
2.0,705.0505144684744,537.0,741.0,885.0,769.0,827.7319137957356,39.0,400.79322403216065,936.0
0.0,0.0,853.0,257.0,773.0,597.0,120.32940583458733,48.0,141.69921610536926,894.0
1.0,108.050417752838,335.0,808.0,283.0,847.0,0.0,241.0,760.755633129371,940.0
0.0,419.824750062414,873.0,43.0,689.0,554.0,0.0,400.0,25.264397697600185,982.0
2.0,428.6007766706092,622.0,953.0,14.0,388.0,565.2238827151303,208.0,867.9586664156977,508.0
2.0,760.5934430676685,226.0,836.0,762.0,142.0,177.6983253324283,233.0,448.9733380280106,645.0
2.0,284.9361549282722,857.0,785.0,596.0,76.0,13.53661542854907,239.0,529.5953756263812,638.0
2.0,145.5691180169703,899.0,350.0,939.0,775.0,862.2190279575689,860.0,662.4756469089051,377.0
2.0,656.8739554038364,622.0,943.0,31.0,951.0,639.9800387723928,625.0,344.4031031438195,268.0
0.0,0.0,420.0,294.0,908.0,476.0,0.0,299.0,494.06475642592335,83.0
1.0,362.13082107723363,520.0,423.0,447.0,670.0,184.81535976193666,488.0,127.33107500802933,884.0
0.0,0.0,961.0,706.0,821.0,422.0,0.0,643.0,0.0,64.0
0.0,266.8948841662051,568.0,839.0,645.0,112.0,0.0,837.0,0.0,721.0
1.0,50.76326491007926,616.0,799.0,898.0,61.0,319.5045355937702,576.0,0.0,907.0
1.0,320.06442362438383,595.0,444.0,578.0,727.0,529.924654526542,749.0,410.2720789419672,956.0
0.0,261.0856661051259,184.0,778.0,765.0,111.0,172.56870091234316,261.0,0.0,119.0
2.0,397.68430618539315,264.0,181.0,45.0,168.0,670.7059163289654,595.0,783.3436576126352,500.0
2.0,96.62912161929394,929.0,827.0,38.0,794.0,664.9073775545849,214.0,683.9616603361525,246.0
2.0,641.0667957412421,48.0,253.0,7.0,781.0,153.48823196022482,493.0,331.355529928759,597.0
1.0,385.69267211450943,880.0,952.0,728.0,201.0,95.0503099450892,478.0,270.1187027597368,109.0
1.0,149.865204873804,756.0,7.0,976.0,963.0,317.0857846095762,87.0,33.93860202771703,346.0
2.0,347.1543984505115,364.0,881.0,413.0,812.0,711.8686176645897,197.0,722.8403962737306,794.0
0.0,441.6907765136777,793.0,104.0,365.0,585.0,73.0641111870084,891.0,407.3644655497126,269.0
2.0,772.2405813505651,728.0,895.0,588.0,343.0,829.2546190661587,734.0,417.9048642772624,118.0
2.0,598.564766838295,179.0,692.0,361.0,442.0,228.23525231283102,690.0,424.5366751804903,572.0
2.0,0.0,852.0,44.0,812.0,549.0,854.0288965248016,938.0,747.4371671164571,140.0
1.0,278.26184607285063,725.0,892.0,620.0,891.0,255.10721057612054,451.0,436.624175208709,367.0
0.0,0.0,835.0,957.0,398.0,833.0,309.29218637631726,246.0,0.0,874.0
1.0,347.8728039400197,869.0,579.0,717.0,309.0,148.3655996221868,883.0,496.4603586684856,698.0
2.0,532.683494635228,208.0,453.0,751.0,729.0,308.16888227629556,581.0,248.88836817650648,56.0
2.0,573.9625956626234,777.0,267.0,199.0,251.0,411.6009727418387,649.0,478.5174404604315,441.0
2.0,407.08876364301364,423.0,386.0,25.0,257.0,615.9011341120394,833.0,503.8816739204201,937.0
1.0,79.57725175788896,16.0,949.0,776.0,72.0,364.16437657781427,228.0,251.735457236606,326.0
2.0,818.404176362269,532.0,843.0,114.0,404.0,424.0724421794986,667.0,32.039045285791964,137.0
0.0,493.44368747868396,199.0,729.0,912.0,874.0,0.0,181.0,0.0,444.0
1.0,89.37282447005036,650.0,980.0,196.0,741.0,263.685413248493,61.0,546.747416153588,584.0
1.0,837.0403561318566,375.0,758.0,903.0,56.0,115.74041594380105,173.0,0.0,789.0
1.0,214.68978545925953,672.0,605.0,216.0,1000.0,266.1148997566558,456.0,64.3992166145084,615.0
1.0,0.0,296.0,378.0,876.0,756.0,317.5299532911311,967.0,0.0,408.0
0.0,305.0486905272609,732.0,264.0,748.0,654.0,202.00772064479906,598.0,0.0,127.0
0.0,62.48937810156613,286.0,673.0,760.0,849.0,185.1338559067414,932.0,44.17006744475175,856.0
0.0,0.0,89.0,416.0,565.0,399.0,0.0,693.0,0.0,679.0
0.0,706.5286779878583,745.0,184.0,76.0,907.0,83.48892146821616,466.0,645.4270050185384,27.0
1.0,184.36562279763825,81.0,311.0,281.0,95.0,18.735581648470703,1.0,223.84217240374787,471.0
2.0,675.1707327622961,304.0,682.0,39.0,673.0,753.6679800363396,389.0,981.4721263963456,952.0
1.0,728.2954666553311,622.0,53.0,479.0,399.0,142.3640656467093,584.0,100.63284682654003,193.0
2.0,407.74355217225553,655.0,139.0,14.0,694.0,173.84688600090303,888.0,346.2775455723461,431.0
2.0,840.129074128658,155.0,934.0,148.0,246.0,324.01757086086576,784.0,380.18595714201575,812.0
2.0,863.0297937016987,841.0,442.0,908.0,939.0,689.1956171875065,961.0,705.0646110826937,425.0
1.0,0.0,798.0,91.0,906.0,455.0,150.5034445732023,490.0,0.0,173.0
0.0,118.45814589149447,838.0,862.0,4.0,918.0,505.22814010124756,794.0,0.0,755.0
2.0,555.8557419125469,890.0,104.0,456.0,786.0,750.1841336525993,354.0,480.5365756038742,381.0
2.0,134.98079419653027,311.0,855.0,788.0,760.0,863.3407715636581,237.0,897.2124156109544,482.0
0.0,583.4132230396401,215.0,888.0,828.0,791.0,64.46973424481067,349.0,0.0,799.0
0.0,184.58519600453965,47.0,736.0,620.0,615.0,522.1223237449815,874.0,119.98208867726171,745.0
2.0,815.5076946672372,536.0,296.0,215.0,648.0,350.4619471742538,292.0,345.15635999369755,449.0
0.0,187.4265378127766,631.0,968.0,123.0,986.0,0.0,542.0,39.64701147558092,519.0
2.0,772.3147471039651,955.0,668.0,190.0,233.0,1000.0,393.0,633.4072552298221,426.0
1.0,237.73098167025535,218.0,180.0,88.0,66.0,776.8719370958636,891.0,357.11933326389135,487.0
1.0,42.41705364697888,599.0,538.0,779.0,339.0,237.29557945665766,393.0,299.8214790009367,858.0
0.0,315.8226319634551,702.0,133.0,112.0,706.0,0.0,189.0,0.0,327.0
1.0,551.0554429465864,319.0,943.0,55.0,132.0,240.8995120904056,138.0,0.0,811.0
0.0,0.0,120.0,135.0,521.0,877.0,84.83023082205922,495.0,584.8783404582239,500.0
1.0,761.3424330907927,950.0,124.0,666.0,913.0,267.5154368898322,156.0,0.0,70.0
2.0,0.0,65.0,255.0,289.0,803.0,506.6644892273373,309.0,243.56385636037734,805.0
2.0,778.2814245384025,799.0,18.0,956.0,951.0,831.9240942193458,416.0,0.0,760.0
0.0,124.7540996100868,671.0,634.0,863.0,316.0,0.0,481.0,0.0,630.0
2.0,547.6237813937012,683.0,267.0,850.0,914.0,1000.0,24.0,679.5631783695909,27.0
2.0,654.0321332351839,652.0,126.0,939.0,308.0,570.7944637298879,329.0,113.71654601017822,682.0
1.0,829.8454495503731,810.0,378.0,765.0,223.0,142.60291826609316,734.0,0.0,820.0
0.0,326.28508183975134,309.0,334.0,762.0,621.0,113.3754866261362,471.0,838.7186199566797,77.0
2.0,847.1231930473724,817.0,830.0,338.0,280.0,578.0887982667736,170.0,476.6445471920566,540.0
0.0,0.0,548.0,516.0,729.0,347.0,0.0,889.0,314.99832736233776,148.0
2.0,306.59539043239164,345.0,974.0,954.0,150.0,317.32421426182736,376.0,249.59769496208202,527.0
0.0,0.0,309.0,855.0,309.0,424.0,49.158531191121256,572.0,402.8853831133571,837.0
1.0,390.6012397629575,225.0,451.0,919.0,385.0,340.3284476387602,929.0,0.0,571.0
2.0,941.247045207542,331.0,254.0,579.0,485.0,890.8520656631965,217.0,408.1065215355778,633.0
1.0,338.84506576290346,577.0,317.0,306.0,699.0,237.10966542853075,199.0,143.26655548221729,207.0
2.0,289.0480679047105,381.0,40.0,963.0,649.0,147.32690968785397,986.0,529.2035737354526,674.0
1.0,522.6210914703848,317.0,488.0,41.0,325.0,9.806675380752917,603.0,475.9714077350272,707.0
0.0,55.92106727095992,710.0,716.0,551.0,648.0,415.3703410710795,328.0,149.48792762166536,237.0
1.0,150.28493988592606,942.0,338.0,433.0,516.0,0.0,957.0,0.0,171.0
2.0,0.0,607.0,466.0,53.0,536.0,499.21867882023327,87.0,4.13586465341795,640.0
0.0,0.0,532.0,663.0,640.0,134.0,18.855722675105916,516.0,322.57746275971255,81.0
1.0,110.06068034150083,812.0,418.0,301.0,539.0,466.9375007637454,684.0,857.467482840398,902.0
2.0,887.8719882445106,224.0,937.0,488.0,851.0,485.91686565880474,905.0,709.7379849442138,280.0
0.0,30.070272204330752,778.0,430.0,98.0,527.0,441.3532027037639,438.0,615.1194674337687,847.0
0.0,448.7296640010162,184.0,885.0,702.0,702.0,136.09610260920775,911.0,0.0,269.0
2.0,0.0,685.0,313.0,498.0,485.0,329.8602037512274,200.0,811.258918340569,785.0
2.0,547.4960746366168,570.0,944.0,247.0,37.0,953.1391795394113,682.0,842.6078778113496,406.0
0.0,0.0,254.0,561.0,742.0,509.0,248.99331119738247,783.0,70.54277013759878,541.0
1.0,313.1385203438609,238.0,312.0,856.0,997.0,0.0,555.0,560.9071422416829,798.0
0.0,170.37502834005622,37.0,370.0,734.0,4.0,0.0,567.0,0.0,180.0
2.0,201.46922555151565,917.0,672.0,789.0,612.0,523.1016113459352,972.0,724.8426849310373,536.0
0.0,319.7946920522135,700.0,936.0,89.0,692.0,0.0,401.0,501.5586993377453,657.0
1.0,431.1979784875171,601.0,88.0,212.0,270.0,216.24081536061297,937.0,464.69914038935684,580.0
0.0,52.742728819768786,312.0,148.0,457.0,608.0,0.0,255.0,46.78245481675897,855.0
1.0,322.5805469273119,306.0,157.0,600.0,829.0,0.0,301.0,309.9793996834854,861.0
2.0,276.38199832125935,323.0,671.0,410.0,471.0,164.28568506792655,4.0,772.5212829789267,435.0
0.0,397.03186967780994,259.0,716.0,154.0,726.0,114.75241168173466,827.0,0.0,494.0
0.0,0.0,553.0,172.0,454.0,246.0,556.3702047548618,1000.0,0.0,302.0
2.0,318.73636177552385,998.0,809.0,521.0,276.0,406.37193446608427,71.0,794.124561029549,720.0
2.0,86.44814004116179,736.0,469.0,953.0,716.0,622.643195378353,698.0,661.6233435436812,951.0
2.0,673.4551381243167,132.0,807.0,590.0,884.0,0.0,484.0,1000.0,761.0
0.0,151.04578579662353,205.0,501.0,405.0,668.0,392.93823894614223,135.0,0.0,506.0
2.0,651.3688484717045,84.0,125.0,101.0,587.0,749.2513531407964,371.0,1000.0,744.0
0.0,98.36205933466906,915.0,923.0,556.0,851.0,138.4160758217273,8.0,0.0,591.0
1.0,257.93930368161296,456.0,7.0,151.0,971.0,535.330944140789,859.0,39.76596226831273,911.0
0.0,0.0,514.0,101.0,34.0,205.0,359.94167103681235,842.0,363.0789647304165,86.0
0.0,0.0,252.0,577.0,974.0,457.0,257.2225158653123,281.0,0.0,183.0
0.0,65.43772612881943,121.0,10.0,400.0,266.0,0.0,321.0,445.3743292381967,206.0
2.0,845.0006045426935,144.0,559.0,196.0,904.0,404.92132966131857,721.0,1000.0,629.0
2.0,989.5704690543424,439.0,500.0,95.0,1.0,645.3166441746714,327.0,867.4918884552224,273.0
2.0,206.92537261858845,756.0,38.0,12.0,511.0,929.6147655019199,869.0,894.7429195357507,22.0
2.0,615.7108862277256,890.0,629.0,765.0,269.0,1000.0,835.0,602.0289128440334,594.0
2.0,217.22742743642732,869.0,590.0,16.0,909.0,580.7984845396151,891.0,170.32927009460414,423.0
2.0,696.5973205139724,238.0,311.0,334.0,222.0,688.3877691392819,631.0,466.8832688996403,7.0
2.0,845.4864558937477,596.0,339.0,485.0,829.0,1000.0,297.0,1000.0,127.0
1.0,553.6515056157099,426.0,964.0,637.0,276.0,622.2216656674791,438.0,370.75541395270017,681.0
1.0,0.0,135.0,296.0,105.0,992.0,435.96283464575964,4.0,304.01941305596785,644.0
0.0,0.0,834.0,925.0,531.0,511.0,346.53245836534484,683.0,0.0,306.0
2.0,467.36217551370515,671.0,935.0,38.0,631.0,807.7331166808046,233.0,402.28750223762654,869.0
1.0,0.0,762.0,644.0,284.0,653.0,729.3277762625482,865.0,638.9960945611127,412.0
0.0,0.0,313.0,672.0,235.0,594.0,0.0,740.0,0.0,130.0
2.0,202.30835206198185,639.0,952.0,828.0,155.0,1000.0,311.0,845.0233590096219,313.0
1.0,196.10600511468752,258.0,385.0,89.0,930.0,58.323846520896765,196.0,107.79103750246898,548.0
1.0,318.5412118140605,704.0,462.0,212.0,918.0,893.9699681963403,832.0,0.0,367.0
1.0,357.23280538574886,260.0,854.0,130.0,35.0,0.0,316.0,327.68955637260757,602.0
1.0,348.2617467114589,993.0,874.0,252.0,577.0,340.07300825817174,170.0,191.76382099670118,928.0
0.0,0.0,946.0,747.0,20.0,300.0,312.9439674903072,19.0,0.0,418.0
2.0,63.248961206225445,241.0,975.0,963.0,945.0,0.0,249.0,489.43902566618516,904.0
2.0,338.64493846637333,158.0,74.0,325.0,654.0,253.0349719716704,189.0,564.9627106926812,651.0
2.0,917.63321517405,292.0,708.0,747.0,260.0,703.9604563272375,25.0,402.21071393615796,628.0
2.0,610.8093779893123,226.0,46.0,557.0,68.0,759.266511920003,755.0,589.5455162287295,324.0
0.0,0.0,264.0,775.0,940.0,325.0,343.97590707841437,323.0,65.02383286201608,804.0
1.0,101.86622658137128,206.0,677.0,459.0,462.0,19.49560365781314,399.0,142.79536245788154,80.0
0.0,158.72699932394298,800.0,212.0,408.0,215.0,0.0,533.0,0.0,804.0
2.0,14.44580243317915,405.0,596.0,365.0,467.0,255.87532130198534,574.0,497.56728375285667,765.0
0.0,0.0,422.0,184.0,911.0,927.0,496.03172450388615,780.0,0.0,418.0
0.0,42.84051108269746,470.0,427.0,830.0,626.0,174.74313719933596,131.0,0.0,994.0
1.0,379.6049964066594,249.0,447.0,565.0,434.0,0.0,931.0,0.0,230.0
2.0,141.4715650750637,104.0,545.0,17.0,484.0,425.31915576474233,302.0,909.0149003041316,994.0
0.0,0.0,315.0,554.0,331.0,404.0,0.0,417.0,0.0,685.0
0.0,369.58130949349766,49.0,507.0,228.0,77.0,0.0,168.0,0.0,705.0
0.0,0.0,323.0,96.0,669.0,219.0,310.5443339167354,194.0,381.34580542817787,416.0
0.0,0.0,694.0,317.0,293.0,702.0,157.50883552106168,350.0,138.66064962725946,711.0
0.0,0.0,149.0,781.0,919.0,445.0,115.86135250109406,735.0,0.0,624.0
0.0,112.45263440986149,120.0,231.0,183.0,2.0,0.0,831.0,33.92632262158254,61.0
2.0,884.7482845867629,895.0,956.0,853.0,629.0,641.0400978223014,348.0,683.3797177514914,127.0
0.0,0.0,737.0,85.0,242.0,89.0,103.34407925995757,610.0,0.0,174.0
1.0,62.91598276575807,583.0,823.0,537.0,916.0,46.6616800732786,655.0,519.2476762317199,340.0
2.0,371.89691888469,319.0,533.0,110.0,806.0,933.6462156544821,177.0,1000.0,648.0
0.0,247.03031606816967,997.0,961.0,304.0,91.0,0.0,585.0,0.0,768.0
0.0,0.0,734.0,85.0,37.0,691.0,0.0,195.0,241.36898453075523,12.0
0.0,0.0,397.0,835.0,52.0,5.0,245.97784265245264,421.0,0.0,894.0
1.0,961.1859657010831,823.0,234.0,215.0,617.0,0.0,132.0,958.5495943566831,14.0
0.0,54.546393456522786,703.0,738.0,800.0,360.0,371.4719457659975,924.0,492.279208877558,785.0
1.0,468.18084539876355,542.0,720.0,395.0,102.0,722.3554439001673,360.0,196.1939873936242,286.0
0.0,372.57930599054043,712.0,588.0,7.0,822.0,0.0,380.0,0.0,495.0
0.0,426.12256416337686,247.0,339.0,741.0,996.0,0.0,88.0,0.0,43.0
2.0,1000.0,451.0,616.0,499.0,299.0,301.73315538915756,502.0,542.7747280548401,876.0
2.0,694.5471163298336,96.0,217.0,875.0,998.0,1000.0,1000.0,510.18398659288755,887.0
2.0,473.2260857473716,158.0,230.0,648.0,118.0,598.9406510170282,102.0,898.35879842632,845.0
2.0,986.0223347302751,540.0,319.0,156.0,472.0,0.0,588.0,790.7769812076481,454.0
0.0,430.81105718452557,311.0,473.0,268.0,389.0,216.57612710560858,186.0,574.3599739423076,294.0
1.0,182.5953402381438,147.0,629.0,309.0,522.0,636.1275862620314,982.0,286.3797253078035,236.0
1.0,693.7992503068662,729.0,109.0,833.0,26.0,270.4044489971665,303.0,219.45774883115809,91.0
1.0,0.0,885.0,506.0,944.0,524.0,90.49878016150966,862.0,873.6032493990791,171.0
2.0,569.1106993428932,424.0,906.0,50.0,249.0,317.04351770783273,129.0,613.451564916407,257.0
0.0,0.0,623.0,781.0,74.0,676.0,0.0,156.0,364.48219938184013,40.0
1.0,0.0,235.0,848.0,849.0,920.0,378.8856636803325,947.0,206.50613323845437,34.0
2.0,650.6986998996265,157.0,834.0,102.0,601.0,782.4008070858422,629.0,920.0886817766897,138.0
0.0,587.2428621354763,219.0,655.0,35.0,79.0,96.73061586908197,232.0,102.07373888454433,468.0
0.0,162.49325929697636,352.0,454.0,48.0,45.0,270.94641113531077,543.0,441.22182555465974,378.0
1.0,342.8403129730423,175.0,103.0,462.0,682.0,452.70427012219625,318.0,318.6496121033684,809.0
1.0,287.9379414332847,945.0,744.0,320.0,220.0,0.0,565.0,369.23812702831555,563.0
1.0,373.970377820705,587.0,833.0,309.0,772.0,273.33461795241715,850.0,606.1759727384373,907.0
2.0,681.4509435166493,81.0,509.0,98.0,899.0,273.7768014162413,239.0,638.1373401003148,743.0
0.0,0.0,855.0,346.0,337.0,450.0,0.0,374.0,258.1538849875088,840.0
1.0,210.09350405381656,658.0,964.0,585.0,372.0,218.85978066178723,509.0,529.092415518672,245.0
0.0,349.77424185381835,109.0,270.0,245.0,213.0,525.4564835877878,264.0,310.70093911722256,29.0
0.0,0.0,265.0,230.0,585.0,142.0,0.0,439.0,0.0,325.0
0.0,179.5148397277319,94.0,153.0,330.0,680.0,0.0,595.0,0.0,179.0
2.0,526.9796025963818,774.0,664.0,883.0,81.0,571.6769669197677,614.0,723.200230710339,230.0
0.0,419.90556559061474,218.0,405.0,259.0,536.0,0.0049265642403864204,480.0,446.3651666852562,897.0
1.0,446.51115743338977,290.0,285.0,389.0,941.0,153.150863380518,97.0,514.0282397275399,806.0
0.0,0.0,504.0,888.0,514.0,831.0,0.0,176.0,402.889733550934,631.0
0.0,135.16776855514408,342.0,69.0,200.0,459.0,0.0,521.0,158.80552785345228,951.0
2.0,729.0509633334962,717.0,111.0,934.0,186.0,285.3740376682926,410.0,397.6411636640562,752.0
0.0,0.0,17.0,306.0,43.0,898.0,208.85252353033454,173.0,0.0,53.0
0.0,102.6401485773711,721.0,7.0,363.0,234.0,0.0,331.0,0.0,279.0
2.0,560.7025812543077,358.0,779.0,449.0,177.0,227.90516125992156,759.0,279.67375282862054,603.0
0.0,750.1249772478352,220.0,831.0,120.0,420.0,0.0,267.0,0.0,392.0
0.0,511.0247407758794,673.0,302.0,661.0,139.0,0.0,269.0,0.0,997.0
1.0,430.163166659518,782.0,491.0,650.0,985.0,0.0,745.0,745.1880405735416,713.0
2.0,637.580380098771,54.0,979.0,288.0,24.0,294.17255005508076,508.0,312.3248093222491,257.0
2.0,451.29914467155555,283.0,226.0,904.0,278.0,538.202885439286,833.0,386.5828662014799,416.0
0.0,0.0,550.0,578.0,712.0,691.0,0.0,479.0,167.60171812562152,131.0
2.0,36.59322043385048,373.0,181.0,808.0,880.0,423.2655398899157,244.0,499.88582133571816,612.0
0.0,0.0,954.0,269.0,220.0,574.0,293.6099534806437,391.0,287.12146257583584,350.0
0.0,0.0,961.0,200.0,928.0,611.0,524.0308598481388,327.0,0.0,237.0
2.0,13.406724847080374,428.0,640.0,892.0,209.0,636.4459183712352,305.0,532.0270581664759,337.0
0.0,157.6293508796688,253.0,359.0,293.0,458.0,49.81849615149457,253.0,0.0,415.0
1.0,180.07004844292263,80.0,124.0,580.0,773.0,25.71187623504275,157.0,47.31560629629186,497.0
1.0,779.9031537848396,398.0,657.0,6.0,334.0,266.06751816266114,988.0,67.37221612788768,406.0
2.0,997.4449992219163,18.0,534.0,930.0,761.0,398.87548869526915,1.0,506.09913371298705,737.0
2.0,408.26678250092783,652.0,978.0,418.0,610.0,1000.0,642.0,407.44884266227086,362.0
2.0,367.43157783045746,170.0,491.0,409.0,172.0,970.5780028315357,666.0,519.864822297503,451.0
2.0,482.6564755645204,747.0,632.0,8.0,718.0,596.1744896792729,313.0,1000.0,531.0
2.0,456.3734861085303,348.0,425.0,116.0,480.0,495.9759055403264,776.0,373.915016672907,510.0
1.0,275.6131212898879,856.0,889.0,73.0,639.0,326.2475151850708,359.0,427.1976490523809,386.0
1.0,179.5649880641339,378.0,966.0,377.0,467.0,530.0375798252271,885.0,103.5242516817669,931.0
1.0,587.5349497869041,383.0,272.0,280.0,677.0,0.0,456.0,0.0,46.0
2.0,244.80956608858875,110.0,857.0,191.0,241.0,333.75556861875845,164.0,480.749898403787,557.0
2.0,914.2116217499037,547.0,962.0,292.0,259.0,887.6770535525532,595.0,421.80741249194097,243.0
2.0,286.82588369440253,400.0,845.0,799.0,279.0,328.4153107665779,745.0,697.6653309349879,913.0
0.0,0.0,413.0,692.0,751.0,963.0,438.7411962442839,311.0,0.0,911.0
0.0,0.0,228.0,948.0,715.0,446.0,0.0,208.0,349.71975688282146,554.0
1.0,215.05291401650368,957.0,745.0,246.0,269.0,2.6006788188665646,113.0,0.0,175.0
0.0,0.0,685.0,33.0,252.0,908.0,84.52815679647979,964.0,90.19186813554664,917.0
0.0,443.51720172899934,345.0,917.0,483.0,335.0,0.0,764.0,226.99412911769255,84.0
0.0,269.6364511313199,424.0,957.0,458.0,884.0,243.769779890214,438.0,509.41571788002966,228.0
2.0,428.57734577349703,472.0,769.0,420.0,169.0,1000.0,367.0,588.5018985204682,629.0
1.0,0.0,301.0,760.0,222.0,967.0,554.9278347386926,960.0,505.4208867355887,935.0
0.0,368.6393705436021,582.0,134.0,938.0,285.0,0.0,41.0,305.95091440205545,608.0
1.0,511.03715734835055,320.0,784.0,323.0,745.0,897.1195949512856,862.0,49.93765081722467,812.0
1.0,0.0,883.0,251.0,776.0,296.0,120.55751547521054,710.0,377.3600741518221,204.0
1.0,637.9464999559792,971.0,159.0,31.0,92.0,6.820706504033849,121.0,0.0,484.0
1.0,54.10843460684274,912.0,351.0,235.0,893.0,0.0,853.0,0.0,798.0
2.0,560.0006220401568,888.0,364.0,617.0,919.0,379.3965730992508,193.0,169.2399045263797,569.0
1.0,154.5795515494468,79.0,991.0,755.0,94.0,128.4282814592134,997.0,385.74590152726176,123.0
0.0,0.0,965.0,882.0,163.0,767.0,0.0,36.0,13.637105123543215,331.0
1.0,0.0,142.0,152.0,714.0,939.0,0.0,269.0,1000.0,886.0
2.0,1000.0,296.0,648.0,300.0,654.0,307.3534874584204,514.0,656.6730283190101,758.0
1.0,107.35691557500571,429.0,960.0,388.0,815.0,554.55634577854,860.0,0.0,603.0
1.0,0.0,797.0,357.0,952.0,752.0,0.0,352.0,476.7147495714674,509.0
1.0,0.0,0.0,256.0,870.0,431.0,209.9437421139498,519.0,351.25050512219144,900.0
2.0,729.5309712290249,755.0,80.0,789.0,503.0,345.9712454484911,526.0,229.24668858392366,334.0
0.0,0.0,935.0,378.0,243.0,814.0,376.8614567541849,905.0,273.5648485571191,529.0
2.0,695.5932226900584,147.0,776.0,454.0,455.0,1000.0,861.0,499.15632735444717,365.0
0.0,112.10652188549012,936.0,112.0,816.0,315.0,0.0,196.0,314.5723536932167,824.0
1.0,0.0,817.0,704.0,674.0,105.0,593.9619119263589,269.0,317.14238056654517,558.0
1.0,462.03222087378373,933.0,853.0,612.0,822.0,0.0,368.0,5.4780394631345,477.0
2.0,1000.0,618.0,971.0,211.0,746.0,584.1093499004967,664.0,409.76580491531877,191.0
2.0,0.0,538.0,692.0,521.0,775.0,1000.0,527.0,473.24560352414085,666.0
2.0,595.2780816957057,274.0,466.0,490.0,137.0,747.0422816340782,246.0,902.8914648990161,743.0
1.0,260.9541841536548,185.0,522.0,26.0,634.0,278.8019086283912,377.0,2.862287591801215,572.0
0.0,443.81351342055086,667.0,570.0,995.0,640.0,0.0,925.0,257.19131323016785,865.0
0.0,220.73043382031864,921.0,401.0,56.0,131.0,296.8255109324227,888.0,323.1221984511883,359.0
1.0,151.66398781618537,907.0,731.0,953.0,48.0,0.0,128.0,552.1093335995721,662.0
1.0,448.7484453082135,119.0,788.0,876.0,113.0,0.0,474.0,361.697106894962,309.0
0.0,20.320668063961584,231.0,528.0,67.0,98.0,279.2946627585051,487.0,0.0,299.0
2.0,75.90858890198542,277.0,397.0,876.0,619.0,524.2398571321819,744.0,470.1534694335257,215.0
2.0,615.7731159785462,775.0,44.0,264.0,373.0,222.03756514739655,595.0,336.0249176501456,475.0
1.0,176.84836342986188,183.0,613.0,709.0,1.0,70.41124193619464,195.0,145.13455296299878,846.0
0.0,795.7341131652493,802.0,167.0,750.0,61.0,16.517057498808153,306.0,0.0,598.0
2.0,184.2940828327701,994.0,67.0,111.0,117.0,659.2456224791312,957.0,465.28003634168914,803.0
1.0,309.27376336360305,223.0,56.0,780.0,527.0,164.89483726835516,765.0,383.5195753440275,211.0
0.0,100.95579664567823,482.0,151.0,571.0,465.0,0.0,755.0,39.26017557562801,220.0
2.0,519.4862578267279,764.0,830.0,544.0,270.0,370.0489326526268,373.0,428.253836897992,944.0
2.0,430.22902877912105,930.0,673.0,574.0,101.0,335.0952902287568,155.0,479.72268401230576,510.0
1.0,704.6374139177237,201.0,412.0,651.0,766.0,341.1186524600344,138.0,0.0,192.0
0.0,0.0,957.0,775.0,523.0,557.0,615.0965537418898,80.0,0.0,845.0
0.0,393.0243833339684,60.0,680.0,337.0,581.0,107.92356321480251,137.0,0.0,475.0
0.0,40.54866125276517,740.0,854.0,480.0,628.0,0.0,275.0,789.2339273929789,523.0
0.0,508.6654673412147,975.0,944.0,253.0,821.0,0.0,861.0,0.0,501.0
2.0,0.0,101.0,431.0,408.0,199.0,587.99645983394,481.0,766.7299043062005,541.0
1.0,105.71187199183962,996.0,954.0,414.0,633.0,387.12898838362804,914.0,309.68901813856735,342.0
2.0,666.9508829007768,487.0,1000.0,3.0,661.0,594.4438098720173,799.0,520.8211592927026,433.0
1.0,259.68801798275797,243.0,564.0,373.0,835.0,395.12592017718725,497.0,124.20116396259759,335.0
1.0,0.0,855.0,279.0,354.0,557.0,673.2567399883513,404.0,98.7325795474992,974.0
2.0,546.3644508749675,40.0,726.0,158.0,670.0,450.7239502555651,852.0,719.8293800710027,129.0
1.0,69.44215018170546,267.0,715.0,757.0,790.0,231.29796865199276,799.0,694.3067599154416,233.0
0.0,0.0,659.0,748.0,311.0,183.0,271.58111818055664,79.0,54.16219477588373,922.0
1.0,357.1288054639785,525.0,664.0,698.0,497.0,90.56113840862089,184.0,0.0,670.0
1.0,0.0,94.0,451.0,397.0,820.0,450.24533851776175,394.0,0.0,865.0
1.0,321.8596581581869,618.0,186.0,863.0,21.0,90.96325705543254,924.0,0.0,101.0
1.0,0.0,880.0,622.0,837.0,673.0,358.235714046547,157.0,317.5835419264642,936.0
2.0,234.18110454462064,325.0,685.0,805.0,992.0,447.68181068597016,158.0,797.713693499232,757.0
2.0,557.8968641622547,554.0,837.0,732.0,768.0,843.0997861491516,435.0,853.7797198019235,518.0
0.0,209.09323642875165,539.0,100.0,698.0,527.0,0.0,914.0,109.111973678593,136.0
1.0,306.64991480853496,408.0,833.0,956.0,611.0,231.65010206161293,254.0,362.48455286310536,63.0
0.0,3.4129415397889615,956.0,980.0,354.0,380.0,0.0,879.0,0.0,913.0
0.0,210.63151222091724,331.0,741.0,802.0,198.0,346.02044747191576,768.0,250.0681800866953,772.0
2.0,528.9909131486969,135.0,117.0,870.0,414.0,936.0895450620161,219.0,915.3305192583267,958.0
0.0,446.6756958648786,113.0,34.0,82.0,115.0,0.0,153.0,102.93441762297624,441.0
0.0,0.0,493.0,531.0,710.0,788.0,579.4748670276343,912.0,0.0,809.0
2.0,781.6439898540817,681.0,115.0,707.0,802.0,364.1491809618189,735.0,668.0979613515574,730.0
2.0,459.72945703358766,874.0,403.0,72.0,254.0,512.627326517737,536.0,789.492365679302,582.0
1.0,273.9498110783323,503.0,696.0,675.0,860.0,531.2816057525208,739.0,290.54973748771823,650.0
0.0,0.0,349.0,321.0,380.0,36.0,363.98518514240834,5.0,0.0,679.0
0.0,0.0,441.0,675.0,178.0,458.0,0.0,933.0,0.0,973.0
0.0,0.0,800.0,919.0,298.0,590.0,0.0,972.0,190.6859594263896,969.0
0.0,0.0,250.0,559.0,771.0,311.0,471.68820046800874,999.0,0.0,658.0
2.0,431.56005115074146,922.0,767.0,46.0,636.0,102.61312322984159,733.0,334.53625993516073,992.0
0.0,195.5077373348281,811.0,142.0,303.0,873.0,0.0,758.0,0.0,151.0
2.0,604.9874390034043,716.0,660.0,729.0,916.0,927.5978405640087,412.0,437.3949609652525,984.0
2.0,584.5025376579658,748.0,299.0,507.0,924.0,382.95062481620397,986.0,716.322587317207,895.0
1.0,48.13911470803646,883.0,37.0,11.0,126.0,554.4169619210792,249.0,248.53404888221306,963.0
0.0,0.0,224.0,576.0,368.0,348.0,529.7510760831957,469.0,0.0,8.0
2.0,331.6793945857212,931.0,330.0,703.0,650.0,523.5094358192606,161.0,858.7695772413498,683.0
0.0,0.0,750.0,434.0,62.0,666.0,0.0,372.0,0.0,39.0
2.0,747.7997143480784,433.0,880.0,290.0,678.0,470.1454864541915,751.0,255.22431152367864,346.0
0.0,0.0,981.0,196.0,137.0,223.0,212.90764105413322,274.0,591.4353454789122,78.0
0.0,0.0,436.0,956.0,818.0,514.0,132.26427107978768,190.0,0.0,572.0
2.0,66.09374792970874,182.0,632.0,402.0,409.0,411.93535768967786,599.0,500.58040675797196,668.0
0.0,569.2453289525259,351.0,756.0,408.0,236.0,150.8049539323604,573.0,0.0,903.0
0.0,0.0,344.0,675.0,70.0,417.0,0.0,11.0,245.03085252733325,183.0
2.0,135.62631093438557,55.0,905.0,253.0,303.0,1.8834184094641124,308.0,712.946384281514,436.0
2.0,657.9479584734692,820.0,750.0,223.0,285.0,454.72332768459125,619.0,744.1527667477939,707.0
2.0,346.69981492615943,534.0,44.0,344.0,983.0,664.3192708869146,944.0,452.2566809991711,702.0
0.0,0.0,409.0,922.0,313.0,288.0,620.9117270433226,726.0,300.84296667271326,266.0
1.0,423.8669164840128,282.0,485.0,529.0,718.0,238.27264978106115,170.0,565.7520893962953,689.0
1.0,486.32658111259724,748.0,668.0,909.0,24.0,125.13431582228507,144.0,632.5064741981269,280.0
0.0,270.82439925176965,153.0,133.0,965.0,111.0,139.1857326337826,62.0,0.0,570.0
1.0,561.4917563527441,706.0,258.0,667.0,802.0,0.0,54.0,654.7117129286977,72.0
2.0,972.0957652866291,536.0,215.0,245.0,631.0,197.1718080897702,399.0,454.33226240982486,410.0
0.0,0.0,124.0,550.0,665.0,6.0,365.79349072038553,803.0,0.0,857.0
0.0,0.0,154.0,28.0,286.0,176.0,216.4482169519965,974.0,261.2687264848163,12.0
0.0,369.86618197747856,921.0,940.0,276.0,101.0,260.562679859028,499.0,277.97723886214845,319.0
0.0,0.0,294.0,382.0,569.0,872.0,241.9837382302853,530.0,679.4057632877659,822.0
2.0,344.4990779841465,267.0,178.0,931.0,994.0,770.8323170211961,570.0,829.0944169730792,525.0
1.0,363.9260792099642,391.0,620.0,595.0,731.0,0.0,848.0,153.33156516329444,387.0
1.0,0.0,40.0,968.0,895.0,266.0,146.9717832941772,937.0,198.0976603016632,482.0
0.0,454.40754513400196,916.0,793.0,464.0,226.0,261.0828965020901,558.0,459.4644667352581,104.0
1.0,837.2630105026129,468.0,416.0,397.0,773.0,218.86371786321806,933.0,611.1485842302814,636.0
2.0,235.84965673407999,813.0,76.0,132.0,818.0,465.6970751311194,491.0,306.9456701051785,905.0
2.0,567.5006620092404,257.0,469.0,171.0,470.0,373.2633013032038,129.0,458.63878185273416,517.0
2.0,901.1522950138192,508.0,635.0,923.0,618.0,39.55706100024728,654.0,452.6123427712455,550.0
0.0,618.7623764935772,916.0,52.0,840.0,351.0,203.7777530272049,372.0,3.232607484775795,795.0
2.0,374.68132248717217,864.0,748.0,873.0,933.0,710.3751814743446,676.0,560.6067302174803,817.0
2.0,0.0,660.0,30.0,350.0,584.0,208.4075837916551,708.0,756.3796153482634,944.0
1.0,449.2943798541497,796.0,338.0,448.0,924.0,350.4221631388943,35.0,188.13693722838204,266.0
1.0,149.96777716188322,640.0,219.0,511.0,142.0,874.5169247860302,865.0,401.47207636119293,812.0
1.0,532.8099508037063,270.0,715.0,340.0,997.0,363.5323328049298,697.0,499.06469225888907,80.0
0.0,261.6221257383853,363.0,567.0,992.0,993.0,560.4233963512376,876.0,75.59941673521739,621.0
1.0,0.0,120.0,557.0,303.0,661.0,62.68690063316326,343.0,650.7240691746742,652.0
0.0,449.9742353600894,225.0,627.0,547.0,409.0,0.0,628.0,0.0,132.0
1.0,418.2917680297156,544.0,545.0,186.0,682.0,349.569689456198,655.0,1000.0,829.0
2.0,692.7736454953791,384.0,921.0,113.0,3.0,818.8776657992483,238.0,754.7313614462943,95.0
1.0,613.8621137604989,684.0,125.0,796.0,825.0,338.48739748914767,456.0,429.09131056066184,910.0
2.0,350.7257947362599,213.0,777.0,8.0,54.0,641.573812623088,351.0,872.8970620607125,955.0
1.0,0.0,377.0,627.0,812.0,765.0,487.1434657484041,796.0,271.3517901774422,389.0
2.0,340.79934933253753,399.0,537.0,391.0,166.0,790.6899933781427,115.0,846.9912963793213,600.0
1.0,113.4750304461896,503.0,426.0,680.0,663.0,4.925278783443491,796.0,431.2316394475214,670.0
0.0,0.0,174.0,744.0,686.0,321.0,0.0,989.0,0.0,46.0
0.0,375.7260858075514,565.0,275.0,808.0,412.0,127.95172786434173,37.0,0.0,59.0
1.0,647.5215461105719,58.0,150.0,31.0,608.0,440.37755717475096,92.0,364.08495191619045,190.0
2.0,235.40000530133526,990.0,369.0,396.0,574.0,503.3724846760917,489.0,395.2868885805547,675.0
2.0,266.45801510255717,308.0,612.0,583.0,339.0,530.4863068980196,39.0,313.0184294422479,516.0
2.0,338.1648892979986,911.0,887.0,799.0,946.0,858.6598081318762,352.0,447.01048484077194,844.0
0.0,0.0,101.0,733.0,946.0,442.0,915.9221243037545,464.0,0.0,396.0
2.0,881.2502975134976,889.0,138.0,601.0,696.0,0.0,515.0,665.3477122664748,390.0
1.0,734.7537334381159,175.0,824.0,959.0,607.0,900.0610129791936,58.0,349.7925957254908,562.0
2.0,752.2155826558966,552.0,973.0,546.0,618.0,951.2927443435303,904.0,736.1827218048546,52.0
2.0,156.15430133404124,393.0,175.0,649.0,1.0,703.2077011084592,814.0,1000.0,933.0
2.0,1000.0,416.0,477.0,710.0,851.0,991.8678958375793,474.0,370.7895254389732,64.0
2.0,470.62147891588637,138.0,672.0,649.0,462.0,664.7871204672184,647.0,568.7029819158814,843.0
0.0,176.14090493289888,655.0,723.0,701.0,882.0,219.6409500422612,628.0,55.52845100826478,915.0
2.0,509.8619023624802,974.0,474.0,732.0,835.0,903.3511385885008,188.0,306.2730928194119,440.0
1.0,0.0,434.0,180.0,865.0,227.0,0.0,50.0,0.0,510.0
0.0,326.4676073348155,849.0,529.0,448.0,822.0,37.66283082545254,656.0,127.31984191667377,970.0
0.0,160.87698005491015,566.0,382.0,543.0,198.0,0.0,700.0,0.0,916.0
1.0,112.15116449108461,248.0,579.0,759.0,820.0,62.107809784383385,507.0,360.8937553680041,285.0
2.0,671.2901106428264,155.0,339.0,962.0,64.0,749.8972955623242,981.0,252.9754143271694,283.0
1.0,606.824216288638,31.0,175.0,919.0,33.0,0.0,460.0,225.97742757637272,489.0
0.0,30.880062059627132,498.0,924.0,744.0,995.0,0.0,146.0,130.90262293126983,609.0
0.0,0.0,874.0,320.0,181.0,791.0,794.8840109730094,413.0,30.46052209605403,737.0
1.0,273.22680427328305,167.0,651.0,582.0,275.0,781.904219698962,198.0,64.4175996212973,469.0
0.0,10.506742479889926,31.0,831.0,50.0,268.0,0.0,155.0,0.0,466.0
1.0,0.0,953.0,413.0,418.0,616.0,134.32951610178807,429.0,143.29610299472952,280.0
1.0,8.123874526631035,718.0,930.0,767.0,951.0,52.78513128590366,432.0,633.259696503383,968.0
0.0,244.6891348802875,972.0,930.0,772.0,558.0,0.0,464.0,131.463632008017,265.0
1.0,328.9221244920129,786.0,414.0,301.0,776.0,109.62772904716452,915.0,709.7841831171143,62.0
1.0,101.04072655690084,899.0,776.0,649.0,723.0,72.93862430967036,752.0,0.0,239.0
0.0,163.43093739888906,600.0,43.0,538.0,151.0,310.00887546322605,192.0,187.60552421499165,787.0
1.0,26.133358753912038,534.0,86.0,525.0,248.0,390.98206992982233,9.0,0.0,873.0
2.0,1000.0,592.0,663.0,684.0,766.0,840.6328145564636,806.0,246.56556258964795,879.0
1.0,40.317988792606336,530.0,60.0,417.0,398.0,498.36178770645665,701.0,366.22394472836856,975.0
1.0,239.81057543148754,830.0,919.0,818.0,961.0,0.0,60.0,491.72476390485554,992.0
0.0,0.0,104.0,503.0,798.0,29.0,689.0297478813565,898.0,0.0,742.0
2.0,525.5873877128706,815.0,929.0,709.0,873.0,292.1320116147743,172.0,602.3707974457708,552.0
2.0,986.3684695107763,411.0,256.0,132.0,48.0,669.721219182223,603.0,518.352830992733,298.0
2.0,767.7459665840983,208.0,909.0,963.0,259.0,74.3625265436943,607.0,335.08288275110147,293.0
2.0,387.1290928567909,572.0,296.0,696.0,917.0,589.3995453108233,438.0,1000.0,649.0
2.0,214.1623155181236,76.0,143.0,781.0,456.0,571.3318508980008,743.0,922.4077321609151,913.0
2.0,870.7501751057874,888.0,484.0,994.0,687.0,506.90408776119847,906.0,545.9052236034482,537.0
1.0,260.63088367375474,944.0,572.0,230.0,245.0,254.72446049739455,76.0,0.0,961.0
0.0,0.0,768.0,33.0,138.0,68.0,0.0,654.0,0.0,528.0
2.0,0.0,9.0,608.0,563.0,495.0,416.5551382225926,635.0,139.61732880983894,344.0
1.0,0.0,222.0,153.0,360.0,570.0,218.19303726331165,595.0,511.61604601329515,890.0
2.0,822.9407114603906,586.0,313.0,491.0,96.0,779.3474120236922,97.0,1000.0,552.0
0.0,236.94283724486522,603.0,842.0,129.0,691.0,44.0491532157751,972.0,387.59010984142554,290.0
0.0,0.0,45.0,512.0,824.0,37.0,338.8550813267368,538.0,0.0,977.0
1.0,396.1173201071437,343.0,171.0,41.0,226.0,557.6078881211531,556.0,115.64698886583905,357.0
0.0,0.0,181.0,378.0,900.0,962.0,0.0,769.0,0.0,659.0
1.0,146.32496030079318,305.0,362.0,342.0,691.0,22.229610636032927,383.0,73.46805819995492,505.0
0.0,45.13031449928083,202.0,347.0,643.0,520.0,248.23903446338133,186.0,138.54748857449874,332.0
1.0,220.58573137839085,467.0,409.0,718.0,171.0,389.18144566689836,590.0,70.53133358118235,155.0
2.0,753.7522480911406,414.0,376.0,627.0,464.0,592.5237904118171,819.0,930.8936837129909,766.0
0.0,0.0,505.0,9.0,561.0,469.0,0.0,565.0,416.2050902890151,415.0
2.0,644.6052717158725,661.0,60.0,118.0,667.0,545.8044940384755,120.0,843.2890355813392,717.0
2.0,328.5733825201971,583.0,767.0,773.0,144.0,739.877345220169,438.0,258.50436890897635,656.0
1.0,184.01348912933548,199.0,644.0,666.0,126.0,921.815000394553,947.0,328.9885628919988,614.0
0.0,0.0,514.0,828.0,656.0,940.0,15.630014668827368,405.0,0.0,941.0
0.0,401.2414180469813,239.0,413.0,268.0,947.0,567.2699843094737,140.0,0.0,103.0
1.0,150.4346888989893,649.0,636.0,396.0,998.0,82.89252125721296,829.0,0.0,454.0
1.0,255.7808913103377,740.0,241.0,779.0,729.0,0.0,758.0,432.00969534827317,286.0
1.0,228.80599557143358,699.0,873.0,100.0,360.0,634.3218944985894,277.0,0.0,813.0
1.0,0.0,443.0,587.0,834.0,182.0,131.1694292214293,87.0,189.39136522852976,465.0
0.0,312.0732030285719,622.0,827.0,952.0,145.0,405.2228593020642,500.0,547.088785455435,76.0
0.0,0.0,946.0,443.0,856.0,637.0,0.0,564.0,0.0,295.0
2.0,515.0812747697073,223.0,267.0,907.0,658.0,742.7620002315086,994.0,279.57886277301066,183.0
0.0,93.50451512887709,137.0,933.0,462.0,888.0,139.18254081686118,846.0,40.185767932402285,89.0
2.0,519.1869383017506,471.0,76.0,89.0,268.0,318.23904575960336,647.0,977.1944409910949,342.0
0.0,0.0,800.0,506.0,370.0,971.0,235.7802253528423,472.0,88.53094867755874,335.0
1.0,449.19670832598973,559.0,389.0,169.0,366.0,168.85383936013017,703.0,235.2714070653323,930.0
2.0,692.1958674920002,885.0,649.0,367.0,131.0,189.21855629379633,189.0,414.7478879760705,650.0
2.0,566.6907900613598,561.0,874.0,485.0,505.0,580.26427496681,271.0,826.6217661816322,160.0
1.0,528.4493415882929,732.0,597.0,346.0,59.0,462.0885040237708,319.0,114.4771100312439,493.0
0.0,117.07728928561652,92.0,36.0,835.0,824.0,158.9474693791767,682.0,93.92316594783412,290.0
2.0,291.48966754064963,845.0,895.0,356.0,758.0,407.4982088393674,869.0,246.17367859497136,599.0
0.0,0.0,607.0,987.0,378.0,390.0,0.0,886.0,0.0,799.0
1.0,272.2276653212125,542.0,24.0,205.0,581.0,13.893293394716121,879.0,390.8263962402891,131.0
0.0,143.4900909856638,575.0,19.0,389.0,464.0,676.2729307499706,140.0,262.512756113651,768.0
2.0,861.6186349195891,797.0,936.0,96.0,131.0,231.09616991727282,517.0,367.18558559094635,63.0
2.0,57.26503710377898,101.0,421.0,220.0,624.0,544.6078056664426,956.0,572.31638356251,129.0
2.0,623.1279653705085,78.0,797.0,766.0,219.0,378.09623642640037,765.0,952.9869168301711,25.0
0.0,166.33909144986194,726.0,348.0,534.0,584.0,92.5533397926703,932.0,0.0,820.0
1.0,400.33487104201345,185.0,653.0,872.0,835.0,187.4033619508416,280.0,550.1607960455013,816.0
2.0,136.09535523071514,736.0,381.0,347.0,518.0,550.8874263290819,802.0,310.14761086869896,469.0
0.0,0.0,414.0,738.0,532.0,263.0,81.83419717880375,97.0,0.0,208.0
2.0,545.0083457433012,237.0,620.0,845.0,170.0,198.20246646939225,185.0,30.403550455959113,901.0
1.0,0.0,848.0,695.0,122.0,242.0,376.8932663915274,947.0,0.0,72.0
2.0,896.9137241512669,160.0,954.0,720.0,658.0,282.14033413351154,55.0,1000.0,657.0
1.0,40.75969391275846,655.0,32.0,379.0,859.0,688.3963869340042,147.0,404.43236745276397,324.0
2.0,0.0,274.0,418.0,950.0,816.0,369.4426947256041,506.0,404.8363981414594,146.0
0.0,459.4110203959418,622.0,900.0,743.0,523.0,294.1543190060348,298.0,56.43424735327086,706.0
0.0,92.01753376074353,526.0,535.0,703.0,255.0,130.14982780092754,257.0,58.19544189579943,612.0
0.0,0.0,634.0,478.0,570.0,380.0,454.7936532896924,376.0,0.0,341.0
0.0,0.0,131.0,887.0,906.0,299.0,0.0,50.0,3.870047311579897,760.0
0.0,125.50993659348856,531.0,450.0,734.0,51.0,0.0,123.0,289.04588540733,586.0
1.0,44.847444676109625,202.0,917.0,660.0,940.0,71.39974766126575,267.0,328.05898011676055,878.0
0.0,25.18055388059998,418.0,381.0,505.0,121.0,129.064668166383,270.0,0.0,768.0
1.0,182.71947605462356,744.0,847.0,493.0,87.0,172.6082872448075,440.0,180.15478388761483,265.0
1.0,192.71250656075978,803.0,896.0,803.0,332.0,539.8028349645015,761.0,0.0,575.0
1.0,239.94839968075436,488.0,421.0,395.0,428.0,198.5680692562878,101.0,19.175296243782643,52.0
2.0,549.8659946433652,411.0,895.0,401.0,350.0,0.0,189.0,648.3597141346479,223.0
0.0,272.5932245239172,754.0,500.0,927.0,676.0,0.0,55.0,588.784975043704,987.0
2.0,339.122738844999,883.0,635.0,532.0,707.0,421.75575418917117,273.0,514.0419314286237,410.0
1.0,413.1523279897676,105.0,102.0,119.0,242.0,332.53344452501403,587.0,272.7607832822434,474.0
0.0,16.83594979049083,473.0,987.0,616.0,732.0,225.18263419985078,240.0,172.09836327009242,761.0
1.0,677.3259069195658,719.0,369.0,882.0,53.0,99.53265230772193,985.0,222.9190570499769,57.0
1.0,87.65834282070347,587.0,708.0,544.0,612.0,239.5768271208715,983.0,199.84364046148764,59.0
2.0,743.6013105257063,728.0,660.0,439.0,588.0,232.33315754874278,110.0,0.0,811.0
0.0,284.8824220046631,415.0,778.0,445.0,438.0,12.081081461788042,910.0,91.44646731933429,911.0
1.0,704.0726159925276,365.0,167.0,641.0,778.0,757.3094010297724,223.0,184.36206087769634,320.0
0.0,577.7895689373581,597.0,324.0,61.0,862.0,0.0,344.0,410.92858916252743,276.0
2.0,373.83100237235215,254.0,954.0,846.0,693.0,320.86081887429754,872.0,273.7912087954353,655.0
0.0,68.15015162645204,137.0,627.0,601.0,886.0,0.0,688.0,164.36077004157096,524.0
0.0,0.0,406.0,176.0,791.0,138.0,904.6297613563413,477.0,0.0,300.0
0.0,182.89753674356533,924.0,985.0,832.0,75.0,9.662816624483659,870.0,0.0,821.0
0.0,162.33605355398888,163.0,278.0,873.0,843.0,0.0,723.0,352.05956797493366,170.0
0.0,0.0,850.0,596.0,201.0,414.0,347.91067572688746,193.0,16.22784979727104,491.0
0.0,0.0,1.0,206.0,102.0,462.0,31.631555953297077,616.0,0.0,217.0
1.0,461.63510463578973,126.0,813.0,605.0,488.0,0.0,753.0,326.3592879133769,35.0
0.0,227.40645003323368,880.0,642.0,361.0,96.0,280.4233016887637,203.0,446.765182274286,943.0
2.0,406.42931235259624,885.0,466.0,974.0,308.0,0.0,870.0,546.3316604765099,693.0
2.0,545.8796873769179,343.0,994.0,755.0,493.0,678.4118053228917,543.0,622.0321478832412,155.0
2.0,199.21192302738433,207.0,818.0,824.0,606.0,267.0646609765229,759.0,462.6068758759599,151.0
1.0,202.33060679874674,814.0,196.0,907.0,757.0,0.0,870.0,0.0,344.0
0.0,195.46595228693386,496.0,554.0,628.0,385.0,0.0,595.0,0.0,23.0
2.0,526.3072023071032,69.0,105.0,117.0,802.0,802.6572772189576,774.0,927.5860897565589,282.0
1.0,159.38582157250963,813.0,323.0,938.0,248.0,682.4138154036517,466.0,0.0,529.0
0.0,0.0,664.0,489.0,158.0,697.0,228.6958177182521,487.0,425.1381183542565,696.0
2.0,702.0277668860045,868.0,917.0,812.0,32.0,0.0,236.0,673.0867372656063,862.0
2.0,247.45348771987992,852.0,564.0,554.0,345.0,664.5472626089952,638.0,822.6768848834765,85.0
0.0,0.0,321.0,923.0,248.0,911.0,360.97295362444123,775.0,405.73947735850993,735.0
0.0,92.11922138404053,462.0,415.0,797.0,121.0,0.0,590.0,0.0,499.0
0.0,144.80613509591709,965.0,102.0,232.0,320.0,190.19001997179367,603.0,534.5422845608234,385.0
2.0,618.6434107908519,166.0,994.0,345.0,560.0,734.5522876695379,592.0,425.73040710193015,123.0
2.0,631.5569158580852,924.0,182.0,376.0,783.0,474.95585896059896,809.0,657.4601272321868,262.0
1.0,0.0,971.0,72.0,972.0,779.0,156.80144080004067,990.0,664.8237112911396,695.0
1.0,372.5523976993201,735.0,168.0,460.0,416.0,790.9021489611241,966.0,5.388154769427265,351.0
1.0,487.8714488299133,130.0,331.0,913.0,537.0,0.0,945.0,846.0090241512729,886.0
1.0,481.48041762137103,89.0,501.0,693.0,117.0,537.5222916132392,668.0,302.36449777117406,546.0
0.0,65.01177375541614,502.0,215.0,906.0,523.0,0.0,546.0,186.43623764338196,452.0
2.0,919.4206851262603,916.0,366.0,524.0,485.0,424.47859747592156,593.0,112.99601387196824,24.0
1.0,252.06029163792647,484.0,348.0,572.0,222.0,0.0,421.0,88.16581477953109,767.0
2.0,223.33557196557302,927.0,17.0,961.0,345.0,0.0,671.0,800.797343635814,915.0
0.0,256.32385629662804,671.0,461.0,858.0,756.0,0.0,32.0,159.42691554683114,442.0
0.0,0.0,946.0,61.0,917.0,582.0,393.2975385845402,372.0,378.165372226308,49.0
0.0,537.8202995582556,813.0,628.0,446.0,399.0,296.2012260525825,816.0,0.0,927.0
1.0,88.03135909368302,810.0,246.0,866.0,774.0,1000.0,482.0,285.364990689972,21.0
0.0,0.0,844.0,674.0,92.0,463.0,0.0,493.0,273.1666015815194,171.0
1.0,408.9379656814942,246.0,315.0,809.0,493.0,492.6617816891948,944.0,159.5797362109497,781.0
1.0,490.46626358786733,845.0,941.0,862.0,789.0,233.41655426092177,594.0,434.58459592420525,623.0
2.0,459.5829143337525,433.0,819.0,374.0,882.0,502.4139334839806,698.0,487.11094624886596,716.0
1.0,130.85694129823918,368.0,348.0,454.0,402.0,335.0980146990494,17.0,265.7120720764409,717.0
1.0,0.0,337.0,931.0,476.0,525.0,0.0,35.0,0.0,472.0
2.0,323.1425823081091,620.0,882.0,986.0,927.0,168.05554384655494,774.0,382.52220741479346,507.0
2.0,474.5166398626222,184.0,754.0,41.0,824.0,793.3772704137494,868.0,359.0339109191603,906.0
1.0,0.0,231.0,244.0,438.0,507.0,0.0,391.0,501.9283616981747,675.0
1.0,476.1299459923581,255.0,576.0,179.0,824.0,12.673204547713919,546.0,369.00157348321005,523.0
1.0,683.1562229594738,997.0,7.0,606.0,37.0,0.0,195.0,486.4907024399006,195.0
1.0,547.7797526420164,205.0,87.0,2.0,184.0,189.99589686246836,825.0,218.42002478067957,880.0
1.0,0.0,49.0,723.0,692.0,692.0,0.0,924.0,401.20154741486505,630.0
1.0,274.03332005884613,869.0,790.0,696.0,629.0,228.42166504059452,238.0,114.21157542408648,526.0
2.0,530.4330423687998,124.0,433.0,461.0,83.0,840.2401983046399,378.0,36.04362537188749,17.0
0.0,148.16452878841676,571.0,308.0,323.0,850.0,0.0,465.0,0.0,680.0
1.0,293.7443799847926,889.0,852.0,877.0,350.0,165.01437824121774,835.0,350.1963556906321,746.0
1.0,0.0,309.0,262.0,659.0,299.0,157.83023932269307,55.0,389.69588998918715,116.0
2.0,754.3818490788183,168.0,123.0,778.0,481.0,853.7511672435678,588.0,643.6500725637436,523.0
2.0,26.530539738395206,10.0,668.0,832.0,124.0,200.6290253694977,31.0,554.8049806477533,506.0
0.0,15.079188210530619,237.0,343.0,952.0,408.0,295.21990569721964,67.0,49.09398670087325,326.0
0.0,88.15906747121196,114.0,928.0,42.0,503.0,609.4857050668177,748.0,5.719648040220011,664.0
1.0,757.427683426621,991.0,448.0,102.0,401.0,579.3210613552905,393.0,766.4337291307295,961.0
2.0,635.868665306815,599.0,108.0,79.0,957.0,520.8047264253472,313.0,170.61903198215487,238.0
0.0,0.0,510.0,188.0,429.0,137.0,662.677966969229,915.0,468.8018716207882,414.0
1.0,192.126113170551,158.0,476.0,557.0,871.0,375.3821361828156,378.0,710.9412923433531,620.0
2.0,865.6498661023597,535.0,291.0,459.0,937.0,697.5623707723446,292.0,495.2031819522578,472.0
1.0,928.493745075185,766.0,127.0,793.0,37.0,317.71041106937463,107.0,7.137189373943402,181.0
0.0,0.0,980.0,102.0,986.0,575.0,0.0,756.0,0.0,502.0
0.0,223.98979125352153,115.0,974.0,14.0,382.0,331.3610930214824,994.0,74.50791784145999,309.0
2.0,1000.0,200.0,740.0,424.0,625.0,563.3491079154858,348.0,147.993262836227,611.0
0.0,723.8227171444736,1000.0,354.0,895.0,828.0,0.0,312.0,0.0,824.0
2.0,633.4679356865804,98.0,588.0,130.0,333.0,319.33739145396635,170.0,0.0,559.0
0.0,0.0,142.0,298.0,257.0,749.0,0.0,399.0,0.0,526.0
2.0,754.0766367666938,196.0,783.0,651.0,556.0,514.9465031325641,742.0,357.12671662289983,645.0
1.0,0.0,24.0,497.0,872.0,241.0,407.08546918783776,883.0,0.0,771.0
1.0,0.0,766.0,44.0,796.0,18.0,16.067916208156493,631.0,0.0,98.0
0.0,0.0,61.0,772.0,388.0,855.0,0.0,448.0,133.7967999087985,912.0
2.0,441.98783442665547,353.0,366.0,114.0,506.0,314.7618722310129,401.0,272.653328588871,839.0
1.0,34.2671470628243,236.0,765.0,276.0,439.0,322.04869998097877,174.0,0.0,285.0
1.0,108.47714518249613,731.0,89.0,613.0,491.0,222.87692597468725,269.0,0.0,873.0
2.0,462.6020693728925,546.0,564.0,840.0,732.0,386.2548672483058,560.0,645.4858885795461,588.0
1.0,219.15115763885933,255.0,497.0,117.0,869.0,283.62487683280256,613.0,0.0,264.0
0.0,30.668739604799807,139.0,457.0,986.0,488.0,0.0,772.0,0.0,731.0
2.0,513.0376890007533,600.0,863.0,193.0,140.0,438.83320336417205,36.0,462.6677243628894,235.0
1.0,686.0754799271307,344.0,141.0,424.0,914.0,377.5868709438604,396.0,338.4465431181446,411.0
1.0,60.53443066644194,500.0,899.0,713.0,788.0,0.0,619.0,653.4468270286767,591.0
0.0,0.0,740.0,712.0,947.0,354.0,0.0,547.0,0.0,756.0
2.0,584.4237494679658,101.0,919.0,477.0,499.0,655.4109860642081,967.0,510.93509660418295,520.0
0.0,253.03122043414956,137.0,330.0,238.0,105.0,450.7009580807746,469.0,602.5696150901863,751.0
0.0,443.3265095606704,399.0,468.0,888.0,324.0,445.7033511251303,413.0,0.0,203.0
2.0,366.8285101614323,826.0,798.0,234.0,715.0,547.2192631117235,634.0,641.9501428899148,793.0
1.0,50.67269938477993,542.0,600.0,353.0,234.0,594.2580307553989,355.0,743.6203473152366,838.0
0.0,0.0,759.0,17.0,143.0,940.0,0.0,688.0,1.3232208793153442,397.0
1.0,602.2270445904408,123.0,847.0,159.0,672.0,0.0,416.0,31.411103943621086,869.0
0.0,160.0807059586863,239.0,866.0,932.0,404.0,0.0,257.0,99.4099724715216,309.0
0.0,275.97081048219303,419.0,782.0,480.0,324.0,0.0,857.0,0.0,91.0
2.0,668.8809007744161,712.0,15.0,899.0,521.0,522.0094405225249,233.0,545.615277049415,709.0
1.0,19.842689038302122,87.0,683.0,869.0,999.0,777.147239628694,525.0,125.75200308245927,703.0
2.0,259.85217294467117,746.0,680.0,398.0,680.0,0.0,0.0,805.2785029054195,637.0
1.0,128.42021502440423,865.0,615.0,767.0,229.0,225.7361896858315,938.0,525.0153856833681,69.0
1.0,0.0,16.0,87.0,470.0,148.0,210.53100111368886,218.0,364.58697470007877,623.0
2.0,703.8646026786557,592.0,122.0,901.0,49.0,398.60176397731766,727.0,1000.0,163.0
2.0,809.4800999730692,82.0,195.0,976.0,824.0,489.3172934010084,612.0,105.94625126752517,354.0
0.0,402.39308668890135,646.0,528.0,190.0,368.0,321.88238631442084,860.0,1.233596477579874,100.0
2.0,796.5321369248778,155.0,907.0,101.0,597.0,817.6197775993664,435.0,385.70459732669974,988.0
1.0,533.7098781880275,988.0,76.0,620.0,398.0,473.94752510496465,50.0,0.0,924.0
2.0,334.44063436659445,357.0,237.0,272.0,884.0,613.8914095240734,771.0,754.1167751008061,296.0
0.0,0.0,36.0,908.0,136.0,353.0,618.218399690512,121.0,0.0,202.0
2.0,390.45023343373623,568.0,697.0,114.0,71.0,413.5216043678566,862.0,707.4261136714396,983.0
0.0,0.0,14.0,710.0,910.0,975.0,0.0,706.0,444.7163267435498,726.0
1.0,80.12393834492356,791.0,141.0,537.0,917.0,182.17278599850292,176.0,91.72802534805366,29.0
2.0,379.9765554894919,200.0,307.0,197.0,934.0,379.14259482304135,136.0,576.476863894604,456.0
0.0,826.2142406605997,217.0,787.0,824.0,472.0,24.219150949634628,463.0,0.0,248.0
2.0,509.2030116353026,144.0,138.0,800.0,934.0,657.9283460490778,702.0,873.9640022197677,680.0
2.0,360.1501088152725,390.0,303.0,699.0,881.0,321.1685517979889,296.0,419.07774019289116,108.0
1.0,300.58678104852834,483.0,895.0,734.0,75.0,251.92375591503057,843.0,493.08479965730237,183.0
0.0,247.15329137740753,80.0,220.0,825.0,924.0,0.0,853.0,85.44253888934023,979.0
2.0,917.7342185017162,297.0,617.0,886.0,991.0,647.4906619782334,998.0,1000.0,807.0
0.0,388.9380551183797,21.0,294.0,977.0,788.0,327.6984353982843,12.0,0.0,724.0
2.0,645.8202390434398,33.0,290.0,203.0,716.0,569.4754893520505,841.0,434.68967618872415,648.0
1.0,0.0,502.0,194.0,922.0,609.0,162.03507971802142,40.0,410.9946118339475,73.0
0.0,575.6911472798291,564.0,932.0,342.0,329.0,174.77879371486932,733.0,46.96376843040292,711.0
2.0,445.2771261681738,750.0,929.0,44.0,285.0,587.7605195779245,728.0,0.0,840.0
0.0,0.0,401.0,754.0,514.0,939.0,0.0,903.0,215.67021779993652,31.0
1.0,0.0,345.0,15.0,111.0,671.0,346.5116106213956,763.0,652.7824939568582,13.0
1.0,382.5200892177145,860.0,4.0,647.0,382.0,500.64342520863767,840.0,257.5006357949067,775.0
0.0,122.46325231448887,365.0,598.0,731.0,956.0,0.0,315.0,217.37644073766475,887.0
2.0,814.7597620845401,735.0,832.0,472.0,682.0,952.0094188112045,419.0,716.5213508369807,261.0
1.0,0.0,859.0,21.0,572.0,148.0,44.18340600296655,876.0,249.8905280929772,347.0
0.0,160.79041285144478,898.0,628.0,498.0,691.0,118.85947676400295,987.0,0.0,499.0
0.0,54.55758084020765,524.0,89.0,489.0,403.0,23.823678314912275,59.0,0.0,490.0
1.0,477.77387660163276,463.0,141.0,333.0,615.0,87.0957908983383,291.0,0.0,675.0
0.0,0.0,756.0,73.0,346.0,794.0,0.0,678.0,0.0,209.0
0.0,144.06356234355786,247.0,47.0,308.0,829.0,55.7639814260575,178.0,424.26269707858097,113.0
1.0,158.9581746375713,823.0,174.0,785.0,776.0,580.6212608540912,330.0,448.3103345449085,197.0
2.0,339.79685280180684,494.0,635.0,82.0,605.0,337.4542396682885,123.0,375.4880288134158,590.0
2.0,509.6932587297241,525.0,488.0,857.0,877.0,251.00874915578606,332.0,636.6589494735072,225.0
2.0,175.24722093834322,47.0,927.0,609.0,44.0,572.552154997565,967.0,685.4023215954555,785.0
2.0,650.3657935191477,351.0,872.0,418.0,370.0,459.02732568863695,699.0,716.8363056433939,362.0
0.0,0.0,623.0,239.0,919.0,388.0,297.41151241192694,514.0,227.1479831065361,901.0
2.0,894.1929075672181,22.0,222.0,314.0,921.0,393.24000926719214,389.0,568.8554013221932,145.0
1.0,0.0,153.0,449.0,848.0,835.0,33.03883984348923,387.0,70.19927684669878,861.0
2.0,32.59447414164044,407.0,931.0,341.0,460.0,333.85388965110957,104.0,1000.0,805.0
2.0,811.2480520751258,798.0,977.0,489.0,553.0,172.0033223180681,122.0,935.002980840822,827.0
1.0,74.72927454485621,445.0,977.0,338.0,566.0,191.77396043083047,478.0,318.79690837932253,670.0
1.0,240.1239508668936,302.0,988.0,152.0,257.0,277.03478058143173,603.0,560.1926314277921,510.0
0.0,342.2098405715989,130.0,735.0,530.0,619.0,46.72060007924071,116.0,196.75249581211804,639.0
2.0,1000.0,235.0,886.0,342.0,937.0,1000.0,663.0,516.7926593382565,840.0
0.0,431.5249139460455,696.0,861.0,298.0,696.0,0.0,903.0,21.647693530513557,104.0
1.0,492.27342234369104,103.0,744.0,67.0,165.0,536.4527851627074,904.0,542.5498356349217,640.0
1.0,594.8616557558951,13.0,533.0,262.0,333.0,287.1863678540755,258.0,982.9089987648193,252.0
0.0,0.0,955.0,699.0,164.0,194.0,0.0,61.0,0.0,254.0
2.0,272.4449859445758,443.0,173.0,901.0,865.0,0.0,36.0,728.991208818028,206.0
0.0,260.64931273413947,958.0,765.0,670.0,674.0,22.008450378370256,545.0,0.0,971.0
2.0,552.7760889765248,84.0,202.0,993.0,422.0,301.08920363877,760.0,562.6371699578225,631.0
2.0,236.10211341229223,542.0,957.0,288.0,565.0,407.34502608365796,67.0,481.11088838874247,520.0
0.0,180.60870455951965,18.0,842.0,174.0,860.0,0.0,189.0,513.8191093926273,45.0
2.0,589.4231494923524,186.0,119.0,170.0,793.0,621.2273312885616,376.0,228.7786680742636,910.0
0.0,266.58247080390356,681.0,914.0,58.0,257.0,153.3832397013279,7.0,480.99891909632356,286.0
1.0,62.54932519196184,959.0,32.0,555.0,355.0,73.01269683634206,843.0,0.0,546.0
2.0,280.8207215805733,533.0,748.0,845.0,535.0,436.74070772551505,358.0,71.44024784836503,440.0
0.0,0.0,925.0,465.0,909.0,170.0,0.0,17.0,133.63657988149572,269.0
1.0,977.366887163293,468.0,969.0,268.0,204.0,289.7783167398703,686.0,19.327248923901227,752.0
0.0,311.8511577513956,795.0,179.0,697.0,711.0,0.0,763.0,207.06256662301826,549.0
2.0,594.289263443422,122.0,616.0,904.0,872.0,536.436468857255,167.0,813.2904069961864,81.0
0.0,160.65609160277114,771.0,363.0,658.0,834.0,198.26333517242287,387.0,0.0,718.0
1.0,0.0,277.0,87.0,433.0,695.0,0.0,698.0,70.29363998378692,613.0
1.0,647.0211138115899,618.0,613.0,959.0,835.0,57.41579605070084,843.0,439.35402105538924,908.0
2.0,656.5560779451245,692.0,425.0,737.0,139.0,307.90486928269166,620.0,116.49637573562812,605.0
0.0,246.34616501714137,646.0,232.0,103.0,368.0,0.0,571.0,0.0,764.0
1.0,305.7583875260604,307.0,830.0,274.0,213.0,81.83051440639991,334.0,0.0,12.0
0.0,19.456878115355973,1.0,166.0,985.0,879.0,670.2549035841947,616.0,83.012642171797,848.0
0.0,101.3947489218458,625.0,386.0,118.0,694.0,0.0,65.0,0.0,734.0
0.0,0.0,116.0,71.0,310.0,915.0,0.0,187.0,0.0,413.0
0.0,37.982489442994236,989.0,863.0,34.0,544.0,61.39172928806607,491.0,0.0,395.0
0.0,0.0,668.0,395.0,459.0,804.0,124.51290592907951,334.0,358.3751251989684,172.0
2.0,304.09145616290795,778.0,600.0,882.0,454.0,818.0048123026462,707.0,429.6248047737341,809.0
0.0,85.84119658182556,331.0,620.0,53.0,521.0,150.50301703469987,129.0,60.88221072282075,801.0
1.0,0.0,162.0,716.0,92.0,988.0,156.27331682673807,846.0,177.55864852125828,614.0
1.0,345.89364688320313,266.0,56.0,707.0,872.0,0.0,211.0,236.2777235533953,373.0
2.0,49.62627387166947,983.0,459.0,214.0,117.0,0.0,920.0,631.8616877832628,117.0
0.0,0.0,346.0,182.0,340.0,528.0,0.0,807.0,0.0,856.0
0.0,623.8580166890512,432.0,1.0,829.0,178.0,551.2980174895212,502.0,0.0,500.0
0.0,197.32445469116502,145.0,687.0,263.0,385.0,345.31135339716263,871.0,72.58142577788882,779.0
1.0,0.0,504.0,410.0,151.0,896.0,0.0,659.0,99.68804765357409,554.0
2.0,714.7368940355401,316.0,539.0,714.0,460.0,649.1634319967657,107.0,0.0,854.0
0.0,0.0,142.0,724.0,18.0,364.0,577.1039033905603,184.0,540.0931799523659,444.0
1.0,135.55836416383238,232.0,1.0,753.0,218.0,464.10609428426056,459.0,830.6115778230196,845.0
1.0,131.48281273192413,211.0,139.0,562.0,963.0,54.10330364832371,761.0,290.35269826552167,275.0
2.0,254.10970808732512,960.0,221.0,100.0,996.0,800.4591175595029,915.0,656.8376411097737,982.0
0.0,212.2287048123509,46.0,234.0,933.0,525.0,0.0,152.0,0.0,31.0
1.0,645.0176276047849,270.0,590.0,145.0,783.0,265.0463840672307,87.0,169.5596702961306,567.0
1.0,0.0,806.0,682.0,963.0,584.0,329.55096901505465,497.0,323.0470475353622,956.0
0.0,0.0,811.0,843.0,222.0,857.0,475.25459442222297,887.0,266.78340857298673,188.0
2.0,0.0,854.0,916.0,594.0,28.0,305.85967271578426,325.0,691.1042516130284,671.0
1.0,245.90181008892023,566.0,722.0,172.0,680.0,821.2440351715059,909.0,967.1206222241226,188.0
1.0,482.8108654514498,595.0,50.0,58.0,448.0,67.60114840523288,121.0,0.0,881.0
2.0,650.130999397179,254.0,102.0,574.0,842.0,963.4779407446953,625.0,998.8051362296341,336.0
0.0,245.8314855908432,350.0,889.0,842.0,439.0,132.89847209926526,390.0,320.7701067380928,158.0
1.0,88.53124706270539,472.0,510.0,707.0,994.0,0.0,852.0,206.8776627707634,75.0
0.0,16.58248959888979,897.0,457.0,174.0,697.0,1.2273332227753022,272.0,0.0,727.0
2.0,937.0878040025113,405.0,88.0,417.0,29.0,842.1116572586541,838.0,673.7479427141163,80.0
1.0,733.6229638950356,861.0,67.0,613.0,298.0,0.0,491.0,368.9758225137624,744.0
0.0,112.55118726881149,395.0,542.0,553.0,765.0,368.7206418115003,465.0,57.009448349419756,611.0
1.0,36.57623938325045,494.0,393.0,1.0,729.0,100.2840484628999,967.0,1000.0,546.0
0.0,0.0,298.0,117.0,910.0,24.0,31.576828575866646,477.0,0.0,47.0
1.0,21.80429491927356,520.0,305.0,744.0,784.0,0.0,222.0,488.75164457713294,271.0
0.0,1000.0,425.0,830.0,749.0,861.0,0.0,180.0,0.0,704.0
0.0,398.69364681466703,435.0,104.0,388.0,36.0,0.0,804.0,107.71026938399731,708.0
0.0,39.37690503525561,833.0,935.0,733.0,258.0,211.06835310183652,66.0,0.0,996.0
2.0,350.6644765546933,818.0,702.0,129.0,396.0,694.4294239713096,565.0,717.8345750493822,529.0
1.0,298.09848051361286,634.0,965.0,750.0,286.0,139.13293323732546,380.0,0.0,406.0
0.0,152.57790293058463,533.0,843.0,325.0,711.0,508.50205975032384,737.0,229.67876584294316,102.0
1.0,0.0,98.0,816.0,785.0,564.0,257.05966126706767,70.0,193.14317081098062,412.0
2.0,1000.0,250.0,542.0,482.0,397.0,329.94123987415907,309.0,406.52269232118067,123.0
2.0,111.02256032662352,457.0,825.0,395.0,427.0,891.6610870269764,429.0,405.15936034770505,903.0
1.0,0.0,766.0,265.0,346.0,119.0,52.5719563819512,108.0,267.7552314465494,2.0
1.0,0.0,777.0,355.0,275.0,859.0,238.67346529128992,340.0,125.98111494366765,205.0
1.0,0.0,768.0,457.0,746.0,553.0,0.0,456.0,5.998277197319315,791.0
0.0,0.0,161.0,636.0,314.0,904.0,0.0,712.0,0.0,312.0
0.0,0.0,463.0,123.0,20.0,228.0,0.0,806.0,155.9312698116596,734.0
0.0,0.0,460.0,112.0,95.0,778.0,0.0,587.0,184.8941498709301,429.0
1.0,321.4921097106397,498.0,961.0,355.0,565.0,454.7843563464774,7.0,252.17187412431784,600.0
2.0,910.9210266463455,177.0,645.0,763.0,561.0,267.13314379652695,574.0,953.2731077277799,577.0
1.0,423.8332024364532,877.0,199.0,73.0,598.0,638.2159861983422,401.0,419.0905104066148,282.0
1.0,0.0,486.0,995.0,938.0,410.0,192.36047224185148,747.0,586.9254994350438,620.0
2.0,683.3424753184925,758.0,918.0,230.0,250.0,92.49513433246538,282.0,778.8408754301353,112.0
2.0,623.4059437123638,15.0,681.0,368.0,729.0,604.0459634166941,689.0,209.44653211968227,286.0
0.0,424.5724146071213,880.0,515.0,720.0,398.0,174.6608408149969,412.0,104.1728959721895,751.0
2.0,491.8740555567164,51.0,113.0,619.0,709.0,610.7142396162948,127.0,504.36879065697366,732.0
1.0,108.53524725684396,694.0,411.0,789.0,110.0,233.90816351540516,447.0,199.1304042460852,99.0
1.0,392.5617467803785,395.0,416.0,94.0,165.0,0.0,827.0,0.0,498.0
0.0,170.4467146537759,957.0,334.0,499.0,38.0,45.85446602423429,817.0,382.52358457979966,454.0
2.0,665.6151896291169,630.0,224.0,399.0,941.0,439.4518185100792,345.0,676.5096670530546,173.0
0.0,17.065370605569665,958.0,185.0,23.0,240.0,489.0831120644094,923.0,0.0,256.0
2.0,779.6040845106788,478.0,255.0,111.0,886.0,878.7337697854879,23.0,322.57167570999576,381.0
0.0,74.1702504908316,70.0,443.0,624.0,347.0,0.0,871.0,0.0,579.0
2.0,863.0457380004549,66.0,501.0,925.0,330.0,308.47247947763174,478.0,625.2081025975822,785.0
0.0,0.0,784.0,454.0,987.0,301.0,142.51714340787504,253.0,0.0,20.0
0.0,0.0,380.0,21.0,12.0,867.0,0.0,245.0,453.44165821547045,550.0
0.0,289.6290076108979,20.0,852.0,531.0,420.0,335.3361560180051,970.0,183.45304504665722,959.0
0.0,0.0,964.0,132.0,441.0,756.0,658.0987786517245,618.0,158.68924232799202,877.0
1.0,384.0250146113487,789.0,491.0,464.0,559.0,137.59440139662547,766.0,404.4046587334806,372.0
0.0,370.0837372712194,472.0,888.0,722.0,27.0,0.0,341.0,525.5262438349419,469.0
0.0,0.0,616.0,453.0,947.0,730.0,23.958126674329105,693.0,0.0,24.0
0.0,0.0,438.0,42.0,304.0,293.0,0.0,947.0,338.13212178091777,459.0
2.0,378.45952498579373,848.0,41.0,394.0,984.0,426.3877978165389,178.0,0.0,910.0
0.0,331.8752599530041,353.0,916.0,247.0,532.0,11.164685160538502,842.0,486.67684565614303,603.0
0.0,0.0,410.0,118.0,279.0,900.0,0.0,907.0,144.47827278022987,307.0
2.0,809.4229940629936,676.0,115.0,463.0,460.0,286.8717765255885,348.0,873.3270080179332,333.0
1.0,40.67231601075085,784.0,766.0,750.0,294.0,79.51144696542579,309.0,216.70622128433084,906.0
0.0,786.9321904426523,392.0,689.0,649.0,660.0,0.0,354.0,313.1908541529228,959.0
1.0,378.00646335151305,625.0,36.0,611.0,531.0,149.42081586571882,10.0,26.333885735710126,387.0
0.0,0.0,535.0,439.0,17.0,923.0,185.70184964969462,450.0,79.6434361368054,587.0
0.0,143.48796481717346,708.0,810.0,580.0,147.0,79.49750596748038,797.0,153.7299060120164,7.0
1.0,855.790957013227,908.0,633.0,106.0,796.0,208.84325084037258,770.0,267.7662904651416,164.0
1.0,0.0,62.0,221.0,855.0,868.0,0.0,390.0,332.47740961480156,851.0
1.0,552.9521019254635,997.0,827.0,737.0,640.0,179.28211878107132,833.0,550.8316624873243,710.0
0.0,105.68888672447244,718.0,185.0,315.0,331.0,0.0,626.0,280.41422423729233,838.0
0.0,150.87382149228466,667.0,450.0,518.0,253.0,189.89275466134708,294.0,92.31487165402787,234.0
1.0,0.0,203.0,658.0,187.0,793.0,0.0,395.0,577.4634772470242,246.0
2.0,269.9725479476637,136.0,466.0,509.0,625.0,241.898219206293,768.0,198.82163369111794,25.0
1.0,93.42531848397691,144.0,126.0,58.0,174.0,0.0,952.0,492.9469477269945,31.0
0.0,0.0,747.0,341.0,388.0,957.0,0.0,206.0,300.3284998883154,706.0
1.0,106.31358549419296,653.0,167.0,821.0,496.0,526.3707815726605,947.0,0.0,767.0
2.0,427.54038645879285,779.0,723.0,575.0,243.0,798.840448279847,222.0,614.7366496036694,100.0
1.0,687.6489094375777,169.0,51.0,358.0,270.0,931.029566022436,351.0,31.201745208054984,221.0
1.0,743.1975673662544,851.0,137.0,736.0,382.0,0.0,51.0,349.8534870315104,668.0
1.0,0.0,524.0,434.0,77.0,509.0,199.9838345724685,54.0,528.9910823086334,255.0
2.0,716.295109864423,746.0,662.0,20.0,139.0,449.14632565137475,456.0,499.852111469113,627.0
0.0,62.81541005004862,193.0,47.0,623.0,975.0,134.98174681343698,801.0,271.23467395410984,969.0
2.0,0.0,970.0,174.0,500.0,22.0,289.38778283737446,889.0,880.5987878892602,624.0
2.0,1000.0,389.0,259.0,836.0,850.0,480.6469001393553,129.0,435.77423602043467,814.0
0.0,172.08780022919183,365.0,950.0,274.0,261.0,64.22633254182604,345.0,0.0,35.0
2.0,746.5660591731893,582.0,885.0,533.0,910.0,564.6334574798863,788.0,465.1440210700152,660.0
0.0,56.61214088165469,771.0,31.0,463.0,248.0,264.222969097578,367.0,38.88654046200811,922.0
1.0,322.76664456085865,978.0,862.0,715.0,841.0,38.41837309760862,877.0,356.9925244075846,537.0
1.0,2.7864712684590716,717.0,416.0,852.0,206.0,354.68447858528987,350.0,475.68760983917906,395.0
2.0,1000.0,5.0,363.0,384.0,873.0,550.307496309016,902.0,726.8866241582708,698.0
1.0,147.194338461442,298.0,469.0,766.0,603.0,562.8425812622594,836.0,668.3460492841239,339.0
2.0,383.7467123014292,258.0,753.0,252.0,948.0,736.343192341801,257.0,674.4004471523772,247.0
2.0,573.2236485691205,183.0,410.0,523.0,193.0,539.3193528649008,365.0,6.026912918389457,332.0
2.0,776.6200542402318,631.0,505.0,268.0,279.0,54.602702948401166,607.0,432.038454997337,93.0
2.0,522.6423204692845,770.0,616.0,635.0,587.0,822.6234386873291,92.0,95.95246682550133,313.0
2.0,589.2459284111395,307.0,939.0,955.0,916.0,1000.0,470.0,408.3018880704477,980.0
0.0,1000.0,851.0,39.0,956.0,146.0,351.38477473129734,597.0,0.0,365.0
1.0,236.17205361390535,776.0,753.0,533.0,747.0,446.13468804291637,821.0,428.34342944436014,718.0
0.0,0.0,354.0,514.0,400.0,369.0,747.3182742531275,34.0,0.0,815.0
0.0,374.6187780714658,668.0,525.0,969.0,460.0,428.2139750170574,45.0,55.588975406878845,871.0
2.0,639.0700116650061,785.0,951.0,927.0,172.0,561.5486210809453,598.0,472.3389018091764,642.0
1.0,147.69541737003843,365.0,153.0,495.0,545.0,0.0,206.0,25.37517133767336,554.0
2.0,467.01128857664975,18.0,908.0,208.0,952.0,709.3091155849187,590.0,0.0,48.0
2.0,791.8749208694574,821.0,424.0,267.0,736.0,475.0710357585024,676.0,547.413462221154,450.0
0.0,0.0,581.0,909.0,483.0,809.0,0.0,862.0,203.4571449821016,214.0
0.0,295.5810412464731,293.0,841.0,638.0,647.0,224.75448770783152,40.0,71.69286168468686,470.0
0.0,0.0,558.0,322.0,636.0,734.0,0.0,568.0,0.0,916.0
0.0,132.74335979555718,850.0,199.0,270.0,113.0,0.0,30.0,0.0,536.0
2.0,694.8260604236605,329.0,544.0,693.0,141.0,764.7059907642252,904.0,38.59647690797685,459.0
0.0,0.0,676.0,797.0,905.0,667.0,0.0,244.0,0.0,318.0
1.0,782.2020991265288,870.0,889.0,931.0,98.0,15.253228320319186,382.0,360.3168145018244,742.0
2.0,457.8028412458016,935.0,295.0,875.0,601.0,242.44782735571818,207.0,199.70795907226264,657.0
1.0,574.393211318606,737.0,320.0,303.0,930.0,0.0,239.0,516.0187215732625,611.0
2.0,625.6605685409493,117.0,595.0,381.0,441.0,621.8672474759694,240.0,377.5565953109589,818.0
0.0,0.0,230.0,964.0,559.0,744.0,0.0,891.0,317.18787073089254,982.0
2.0,649.5928131851797,807.0,647.0,10.0,341.0,469.594660033949,243.0,193.72197328648096,459.0
2.0,576.9375496396682,327.0,466.0,698.0,814.0,112.16781853699429,7.0,338.2519879711685,956.0
1.0,328.7653693737782,9.0,203.0,318.0,180.0,0.0,917.0,0.0,664.0
0.0,681.9605987301138,976.0,454.0,157.0,35.0,0.0,140.0,66.4430753499275,549.0
0.0,0.0,408.0,356.0,502.0,653.0,435.88829314617993,367.0,0.0,165.0
1.0,519.242869276818,853.0,935.0,347.0,45.0,0.0,723.0,719.7664756052579,161.0
2.0,678.5855237126673,620.0,627.0,696.0,661.0,635.2290867504144,350.0,423.8402862956345,302.0
1.0,24.309663213098805,477.0,991.0,244.0,23.0,32.435653500006005,495.0,24.21514623470644,961.0
0.0,0.0,91.0,687.0,605.0,954.0,85.41849396859485,468.0,97.79277631579566,388.0
1.0,40.529566248670655,92.0,576.0,205.0,911.0,0.0,978.0,0.0,404.0
0.0,504.94798916731327,169.0,599.0,713.0,464.0,0.0,559.0,272.6296171539014,917.0
1.0,410.2153797833258,84.0,85.0,610.0,107.0,286.1199256661013,449.0,310.2730105620874,313.0
1.0,0.0,519.0,535.0,285.0,665.0,143.1194681973265,755.0,790.0847085861226,318.0
1.0,0.0,403.0,30.0,826.0,520.0,389.85716723112864,124.0,356.14211748440795,246.0
0.0,254.6122250340127,831.0,845.0,14.0,939.0,417.36948018541926,290.0,436.1751790005357,812.0
0.0,556.1751890753961,43.0,933.0,492.0,64.0,0.0,758.0,39.32012343552463,185.0
2.0,515.8492396633965,407.0,690.0,486.0,713.0,554.5308156065731,157.0,831.8752078411193,824.0
1.0,556.3961020813821,545.0,875.0,902.0,63.0,207.08649043677536,469.0,301.9485924579462,42.0
2.0,0.0,315.0,602.0,561.0,226.0,392.7149349230728,975.0,197.14494629060266,670.0
1.0,142.83607132357247,528.0,978.0,274.0,55.0,313.61238690772524,514.0,55.6527395348288,361.0
0.0,101.32532023557434,696.0,791.0,549.0,929.0,561.4957062212819,831.0,0.0,401.0
1.0,556.7102085695841,334.0,804.0,25.0,282.0,0.0,784.0,730.5675069066825,893.0
0.0,0.0,264.0,89.0,115.0,380.0,0.0,652.0,391.24717527208,818.0
2.0,927.8294362836035,761.0,958.0,358.0,306.0,0.0,211.0,118.1734886401512,495.0
1.0,724.8455905619016,93.0,853.0,339.0,502.0,0.0,560.0,121.8879799053193,934.0
0.0,642.9783847233455,604.0,161.0,149.0,937.0,0.0,835.0,0.0,655.0
1.0,0.0,755.0,298.0,404.0,914.0,128.47586198956773,87.0,491.4618246567269,841.0
1.0,396.24834425358677,949.0,664.0,879.0,296.0,238.35856076111756,710.0,84.25343885756588,412.0
2.0,169.45279625626625,834.0,358.0,887.0,449.0,0.0,188.0,718.8980760652613,485.0
0.0,8.069408905200916,112.0,390.0,899.0,466.0,0.0,946.0,264.85201467917267,302.0
1.0,5.911435278509968,161.0,771.0,564.0,135.0,221.08798866537498,763.0,560.5681266808305,609.0
2.0,380.3662942636845,346.0,327.0,525.0,672.0,587.6442036743757,457.0,0.0,97.0
2.0,329.07704902975036,865.0,973.0,380.0,795.0,0.0,492.0,434.6095972974972,586.0
1.0,550.8066829008962,185.0,414.0,206.0,491.0,0.0,354.0,259.7812383528657,920.0
1.0,354.30582697556264,214.0,16.0,327.0,64.0,282.9346527490149,205.0,310.40133281439626,521.0
0.0,0.0,808.0,461.0,381.0,148.0,0.0,522.0,412.91667438845434,552.0
0.0,156.99564582077704,31.0,600.0,474.0,162.0,243.04609660280445,349.0,0.0,291.0
2.0,725.5067763002049,56.0,706.0,346.0,169.0,7.939541726648892,886.0,343.1555343573417,24.0
0.0,0.0,292.0,98.0,148.0,21.0,0.0,701.0,319.661383376713,118.0
2.0,968.5920912574597,763.0,581.0,232.0,959.0,443.47259473553265,314.0,531.0374042655344,998.0
0.0,141.0150467094404,80.0,727.0,958.0,460.0,0.0,369.0,0.0,452.0
2.0,1000.0,492.0,318.0,269.0,950.0,533.4485936192162,147.0,196.60798867021916,747.0
2.0,378.77510848248886,654.0,678.0,41.0,129.0,820.9479899093474,215.0,583.9231079459017,640.0
0.0,136.6274127720429,853.0,162.0,312.0,64.0,0.0,717.0,0.0,763.0
2.0,780.6422156452185,677.0,992.0,453.0,180.0,698.8408758831985,229.0,608.9235343565003,496.0
0.0,403.67510489774025,893.0,581.0,56.0,596.0,0.0,19.0,0.0,389.0
0.0,665.8750077170068,478.0,808.0,719.0,855.0,0.0,444.0,351.87376019106193,391.0
1.0,0.0,409.0,638.0,14.0,364.0,361.6728631094152,691.0,686.1288665441114,761.0
1.0,144.76922628045685,10.0,205.0,349.0,988.0,635.4919715104855,574.0,404.3128171176831,273.0
1.0,0.0,151.0,128.0,91.0,72.0,181.25416839026565,936.0,611.8893848693773,140.0
0.0,0.0,979.0,459.0,260.0,312.0,285.39106345242095,974.0,0.0,748.0
1.0,460.9985459291234,142.0,630.0,746.0,403.0,528.3651103620766,751.0,118.89130198333757,935.0
0.0,214.17492510109366,851.0,27.0,745.0,363.0,117.60626909562369,387.0,551.7868631454314,975.0
0.0,111.44644236056209,8.0,793.0,102.0,866.0,229.748931724143,230.0,636.8516532563067,98.0
2.0,762.1585322518945,6.0,85.0,647.0,633.0,429.18759648596773,857.0,888.667561058184,418.0
2.0,300.31973669554594,692.0,935.0,756.0,856.0,0.0,441.0,447.9899483769351,847.0
0.0,132.75443636304354,715.0,363.0,943.0,636.0,102.22832957386423,532.0,0.0,790.0
0.0,439.69590492461487,814.0,657.0,985.0,495.0,157.25684668998028,526.0,260.1161077600878,700.0
1.0,35.3516385978933,33.0,603.0,733.0,874.0,188.50448157119698,499.0,143.90875900428296,194.0
0.0,8.846870560376141,760.0,689.0,662.0,537.0,284.4111535778128,773.0,0.0,975.0
0.0,248.5174061349454,971.0,736.0,996.0,194.0,239.6839576413115,832.0,345.82684137049165,513.0
0.0,346.57447067024367,18.0,829.0,841.0,924.0,0.0,352.0,62.761858943792795,890.0
0.0,0.0,702.0,461.0,30.0,597.0,324.09935726368263,975.0,367.4603730897415,359.0
0.0,18.889065715717482,765.0,128.0,95.0,784.0,176.23513715461524,257.0,501.9407121904627,156.0
1.0,738.049366956471,582.0,69.0,684.0,93.0,168.74805403433334,362.0,392.5075918399632,191.0
1.0,690.6180482405057,210.0,784.0,313.0,311.0,23.428550215597582,442.0,290.6890640038881,408.0
1.0,144.20773740340167,35.0,574.0,533.0,918.0,0.0,524.0,922.5670181405743,985.0
2.0,262.1801172133816,63.0,128.0,565.0,224.0,207.2343557979772,520.0,800.5877093472983,59.0
2.0,549.4139030583566,961.0,425.0,372.0,993.0,404.21498529471637,167.0,388.2400682077718,191.0
1.0,704.6740723560979,273.0,93.0,547.0,391.0,67.7656536520726,407.0,261.78359786393844,225.0
1.0,0.0,80.0,308.0,827.0,681.0,181.87888053699035,838.0,0.0,964.0
0.0,115.534214730599,786.0,287.0,554.0,659.0,0.0,742.0,0.0,157.0
1.0,342.37371740738257,951.0,433.0,423.0,450.0,388.03453312468497,931.0,30.532826848271977,731.0
2.0,589.7168061247881,694.0,955.0,347.0,979.0,196.04816456867027,761.0,504.1587342267966,134.0
2.0,466.7969450928817,564.0,830.0,461.0,790.0,534.685554522343,711.0,539.3408356759819,549.0
0.0,154.46242546490151,706.0,592.0,358.0,319.0,866.9838504797373,960.0,0.0,416.0
0.0,0.0,289.0,313.0,896.0,758.0,0.0,726.0,0.0,42.0
2.0,272.0150874273378,836.0,551.0,851.0,205.0,1000.0,57.0,491.01138531607154,751.0
1.0,601.6596663755714,693.0,419.0,613.0,443.0,220.21014530872898,881.0,180.26025544334482,363.0
1.0,338.91379920956194,903.0,138.0,467.0,52.0,0.0,991.0,142.16434741332048,125.0
2.0,241.75086192268932,933.0,53.0,356.0,563.0,692.7484995732071,158.0,997.323800909451,29.0
0.0,355.0640873076818,932.0,910.0,879.0,573.0,386.5078487702965,103.0,162.4186195042744,991.0
1.0,0.0,510.0,499.0,865.0,786.0,226.1083615015019,389.0,360.4824452132747,115.0
1.0,168.85351881250355,867.0,21.0,92.0,261.0,710.7698096968008,476.0,0.0,725.0
1.0,0.0,535.0,659.0,349.0,711.0,413.38646640441914,942.0,107.82580951582624,233.0
1.0,715.4189656039312,929.0,985.0,299.0,769.0,189.9969970571961,925.0,131.64943027539456,669.0
1.0,0.0,58.0,652.0,567.0,303.0,440.05814062493243,390.0,0.0,555.0
2.0,330.14293319360826,481.0,806.0,675.0,85.0,549.4205007576261,92.0,568.6865062936686,960.0
1.0,208.79233988105054,814.0,638.0,398.0,977.0,58.55768607342556,545.0,557.2381187698461,693.0
0.0,0.0,510.0,44.0,276.0,39.0,337.5222444411695,114.0,0.0,888.0
0.0,470.8957835180188,778.0,756.0,840.0,424.0,0.0,730.0,466.13846721542365,85.0
1.0,714.9693229734049,453.0,299.0,541.0,584.0,351.1942246017025,492.0,0.0,738.0
1.0,485.2729663287814,347.0,726.0,501.0,328.0,427.06310727134485,754.0,349.5960278586823,362.0
2.0,254.0632954269483,609.0,254.0,546.0,930.0,313.6218240724433,136.0,1000.0,416.0
0.0,0.0,733.0,902.0,177.0,136.0,0.0,402.0,0.0,822.0
1.0,0.0,730.0,805.0,699.0,233.0,323.626646567494,512.0,59.36671581318489,536.0
0.0,0.0,552.0,747.0,373.0,658.0,151.36299418969054,727.0,143.7558276726468,112.0
1.0,42.11004884161429,432.0,203.0,199.0,822.0,607.5706353363232,153.0,415.08429241828685,888.0
1.0,815.8433349832691,208.0,323.0,681.0,506.0,0.0,386.0,0.0,230.0
0.0,0.0,247.0,761.0,782.0,224.0,288.58371611477247,309.0,0.0,434.0
2.0,696.9491719323511,685.0,377.0,992.0,284.0,1000.0,840.0,419.62629608303274,344.0
2.0,64.8533032538608,588.0,527.0,968.0,262.0,375.6414213505575,215.0,654.1727825670555,942.0
0.0,0.0,556.0,768.0,376.0,298.0,0.0,674.0,549.9094092952681,548.0
0.0,183.0374437829982,349.0,437.0,295.0,436.0,0.0,587.0,0.0,389.0
0.0,38.98402899744094,869.0,63.0,423.0,744.0,285.4527925178942,140.0,394.254198602154,113.0
2.0,300.7361755859177,597.0,349.0,442.0,263.0,919.9398295468236,419.0,719.3334374345297,540.0
0.0,442.7816584022101,94.0,408.0,910.0,0.0,0.0,204.0,23.612090668043074,871.0
0.0,243.38033363048342,253.0,668.0,713.0,11.0,432.56868195010475,65.0,298.2706067781919,981.0
1.0,0.0,791.0,297.0,352.0,593.0,115.4825084344539,999.0,585.8005770184691,384.0
2.0,884.3886397425142,773.0,151.0,957.0,285.0,461.11593481092075,676.0,0.0,585.0
0.0,294.99729139739503,846.0,500.0,636.0,506.0,35.80967819849419,548.0,102.45922786881921,485.0
2.0,559.1486668239046,42.0,938.0,173.0,593.0,799.4501247576504,805.0,313.40839020520116,567.0
2.0,905.085437207759,231.0,74.0,876.0,134.0,374.5317288057813,923.0,695.6461338870251,76.0
2.0,774.3369430369178,494.0,293.0,636.0,402.0,507.74565037484984,57.0,70.5531538502656,28.0
0.0,0.0,520.0,801.0,578.0,643.0,0.0,195.0,0.0,255.0
2.0,375.3659643104016,123.0,374.0,970.0,622.0,570.1998765854595,377.0,786.7699768078935,945.0
0.0,490.7224375901974,357.0,930.0,485.0,150.0,615.6723033287841,397.0,0.0,228.0
1.0,146.9071954438811,136.0,883.0,326.0,470.0,190.45902501636724,740.0,42.473186702508585,604.0
1.0,0.0,833.0,724.0,105.0,749.0,0.0,20.0,267.58594718373735,73.0
0.0,1000.0,809.0,466.0,6.0,85.0,410.2951275514288,822.0,20.11553879697568,665.0
2.0,168.49277190394517,593.0,622.0,749.0,219.0,394.25527820064246,662.0,568.6217758926022,284.0
1.0,0.0,112.0,288.0,238.0,76.0,701.858267861881,207.0,396.39692009536117,357.0
1.0,306.510032799277,922.0,403.0,249.0,550.0,204.30554437073036,0.0,469.7168468745823,450.0
1.0,372.06861678924594,6.0,843.0,318.0,748.0,0.0,45.0,0.0,724.0
1.0,152.374505562324,840.0,527.0,186.0,142.0,27.17825035035721,876.0,341.83263792200285,152.0
2.0,1000.0,939.0,316.0,695.0,73.0,726.2566791687644,279.0,688.6442937710475,528.0
2.0,70.56703921599811,725.0,255.0,589.0,134.0,0.0,567.0,1000.0,769.0
1.0,487.4933040033699,360.0,935.0,749.0,522.0,478.8886676674601,715.0,0.0,478.0
0.0,0.0,985.0,882.0,301.0,228.0,0.0,300.0,71.0379380295246,504.0
1.0,77.39966550155478,558.0,41.0,387.0,526.0,751.5237534136564,428.0,215.84160041780416,672.0
0.0,717.7107365337299,871.0,50.0,634.0,158.0,165.5939692004117,656.0,70.4286307732073,590.0
1.0,0.0,344.0,636.0,838.0,150.0,0.0,981.0,191.93126561467201,907.0
0.0,90.73682503677347,267.0,635.0,569.0,330.0,212.66143758730027,750.0,0.0,852.0
2.0,439.3806230844786,35.0,724.0,894.0,790.0,625.5635026278148,250.0,910.1880851419986,656.0
2.0,818.4460845935012,929.0,386.0,697.0,153.0,573.4573782196794,888.0,718.9705666726476,156.0
2.0,811.0203974494061,824.0,855.0,99.0,793.0,1000.0,104.0,182.78011726400806,148.0
2.0,307.3121052872718,751.0,383.0,584.0,411.0,299.6130315467797,842.0,496.06571050732174,495.0
2.0,628.3083332547866,754.0,263.0,44.0,940.0,692.9021839654114,708.0,654.8707961960181,250.0
1.0,157.54404941302332,1000.0,43.0,366.0,859.0,245.87340978089526,725.0,126.43360348028051,190.0
2.0,570.0494274436437,971.0,283.0,196.0,475.0,506.00491724867413,233.0,508.8015861964637,340.0
0.0,554.6565974083825,493.0,140.0,114.0,470.0,0.0,234.0,197.5934074979736,568.0
2.0,1000.0,496.0,460.0,218.0,267.0,736.2630198508994,479.0,641.5250114303843,708.0
0.0,0.0,570.0,573.0,565.0,73.0,0.0,575.0,0.0,87.0
0.0,241.1937008636328,760.0,229.0,812.0,818.0,526.1113871788998,885.0,0.0,358.0
2.0,588.7122980247804,14.0,287.0,701.0,76.0,470.0714006615948,357.0,267.6471275006717,936.0
0.0,256.1761062458914,760.0,169.0,505.0,320.0,275.5314843538113,668.0,298.2975699650582,989.0
0.0,482.01683890545377,664.0,778.0,319.0,347.0,650.2167621715429,47.0,111.89970706437796,952.0
0.0,117.26352273316783,928.0,234.0,457.0,88.0,0.0,221.0,0.0,298.0
2.0,262.5102869059648,544.0,467.0,538.0,524.0,328.530618519172,113.0,798.829923027613,819.0
0.0,61.46043860658061,834.0,938.0,561.0,212.0,912.7550538360643,243.0,119.43982729967082,785.0
2.0,377.32484600694056,407.0,602.0,361.0,167.0,715.0242723635029,624.0,563.4800577164053,400.0
2.0,403.94903879878154,201.0,373.0,781.0,82.0,256.7998889978841,380.0,215.88005814950452,889.0
0.0,120.25572346868353,486.0,230.0,667.0,30.0,0.0,46.0,116.57763919449812,320.0
2.0,234.89221873691764,339.0,644.0,324.0,668.0,734.7154993816479,851.0,589.1792291643283,633.0
2.0,1000.0,54.0,395.0,490.0,839.0,0.0,455.0,370.01757036001476,720.0
0.0,7.060938064080087,920.0,768.0,187.0,266.0,224.89310680057233,128.0,0.0,134.0
1.0,403.8082237353852,459.0,281.0,140.0,484.0,64.45696453018195,239.0,0.0,811.0
1.0,233.93201904737228,774.0,391.0,537.0,141.0,372.3965486139219,747.0,684.4114375098252,274.0
1.0,289.80332186146956,152.0,143.0,622.0,357.0,597.0894160466369,539.0,108.09850107185407,695.0
1.0,0.0,332.0,484.0,22.0,122.0,328.31335067314376,781.0,27.674966693771253,179.0
2.0,692.1006344245726,612.0,345.0,933.0,92.0,482.4477394183561,794.0,423.1396265935418,185.0
2.0,599.1755894622955,657.0,338.0,400.0,831.0,455.02810870045363,751.0,315.86804997510734,611.0
2.0,797.1751730981117,388.0,84.0,811.0,511.0,485.3941578228376,998.0,871.7868952344851,238.0
1.0,695.3025845486329,86.0,921.0,465.0,981.0,0.0,64.0,191.82648016341625,595.0
0.0,82.592128755827,733.0,502.0,931.0,450.0,0.0,693.0,0.0,49.0
0.0,0.0,400.0,136.0,300.0,656.0,300.93504585878884,905.0,216.42034092374516,668.0
2.0,554.2274436932815,657.0,981.0,550.0,342.0,0.0,255.0,727.4230815049848,536.0
0.0,244.00952057423663,158.0,291.0,531.0,845.0,0.0,134.0,46.79273325885997,506.0
1.0,73.73156374687369,150.0,295.0,82.0,363.0,88.71336776858959,878.0,232.02026497310635,265.0
1.0,222.96223531571115,497.0,502.0,501.0,630.0,98.20698027071259,924.0,259.90456973959414,985.0
2.0,799.3239812286195,684.0,826.0,182.0,144.0,1000.0,490.0,835.8259616750507,913.0
0.0,219.74438475460286,125.0,91.0,308.0,687.0,0.0,698.0,346.5924973031951,0.0
1.0,732.0488644315489,829.0,512.0,624.0,384.0,169.97723851649977,881.0,210.48133095938928,529.0
1.0,0.0,826.0,33.0,495.0,633.0,31.825199519088095,263.0,165.17775404458928,921.0
2.0,846.0959399173473,992.0,558.0,878.0,232.0,401.31141953082494,79.0,938.633399794584,306.0
1.0,638.530944019622,458.0,905.0,138.0,958.0,49.35488865944411,580.0,395.2098164756061,642.0
0.0,153.83045242353916,429.0,539.0,358.0,189.0,0.0,780.0,51.613165157578614,515.0
1.0,185.62437669844348,445.0,623.0,100.0,867.0,920.0828114899707,544.0,0.0,301.0
2.0,496.0956310500875,455.0,912.0,432.0,372.0,544.5475363185651,71.0,593.101818833076,741.0
2.0,435.85730887683457,827.0,299.0,953.0,981.0,1000.0,104.0,710.183536100862,908.0
0.0,0.0,973.0,756.0,599.0,155.0,0.0,566.0,660.8574581946705,807.0
2.0,593.6975113478534,602.0,139.0,57.0,735.0,569.4861031546396,171.0,668.0300037129123,726.0
0.0,0.0,983.0,56.0,870.0,498.0,221.74351884017446,654.0,270.53767608351654,389.0
0.0,390.8966949151448,969.0,534.0,339.0,699.0,25.32080665268746,290.0,533.7306855204865,178.0
1.0,428.00740816927237,224.0,847.0,531.0,127.0,0.0,445.0,224.4053436184744,955.0
2.0,1000.0,953.0,325.0,362.0,473.0,186.89144263478056,21.0,585.6915633942465,727.0
2.0,782.697753484659,601.0,366.0,479.0,237.0,593.5812256056646,401.0,974.0359670515805,189.0
0.0,0.0,716.0,638.0,983.0,501.0,15.202346502592189,834.0,141.0581596486101,400.0
0.0,0.0,94.0,153.0,398.0,201.0,69.41270654220446,931.0,591.2022765097598,161.0
0.0,0.0,636.0,965.0,771.0,335.0,361.304730031958,329.0,329.4495872204647,878.0
1.0,588.6535566311529,430.0,509.0,944.0,496.0,354.90983014953974,787.0,344.0934207010238,483.0
0.0,240.62407591490353,159.0,732.0,362.0,852.0,152.3093043816962,574.0,235.7553060196791,103.0
0.0,665.5658992948166,809.0,268.0,537.0,862.0,0.0,672.0,433.3001422676551,840.0
1.0,214.28261051760296,479.0,158.0,378.0,844.0,446.2996565509797,266.0,37.83835916727572,824.0
1.0,444.7443474508671,938.0,982.0,592.0,905.0,232.3194948063253,275.0,303.17723429483783,190.0
0.0,0.0,680.0,478.0,591.0,888.0,0.0,413.0,0.0,203.0
2.0,368.618920833344,998.0,14.0,413.0,23.0,0.0,731.0,661.0564908412726,889.0
1.0,454.49593120757015,746.0,569.0,985.0,774.0,12.246686917168988,655.0,0.0,1.0
0.0,281.71647579107315,414.0,959.0,67.0,586.0,0.0,910.0,0.0,716.0
0.0,41.67316393912644,702.0,754.0,149.0,382.0,283.71452560448876,494.0,0.0,49.0
1.0,569.5922879205438,69.0,231.0,73.0,286.0,380.93117888120776,570.0,565.2077827863594,63.0
1.0,174.51323071336026,329.0,97.0,29.0,404.0,0.0,564.0,87.99925053968796,742.0
0.0,0.0,961.0,63.0,943.0,431.0,82.58122324344015,907.0,0.0,893.0
2.0,402.8299792375673,241.0,64.0,216.0,294.0,507.1549272803769,896.0,426.11447222264354,601.0
2.0,472.1769469549731,333.0,718.0,624.0,690.0,870.1875272469274,753.0,92.022882674324,799.0
1.0,577.414368066924,452.0,176.0,830.0,375.0,433.02707764886435,977.0,429.39179093687284,697.0
0.0,642.7073442523056,695.0,143.0,380.0,5.0,377.6962881674008,31.0,424.97546823075766,295.0
1.0,837.8627179797339,892.0,627.0,683.0,390.0,584.6387799155344,599.0,637.2871623951553,715.0
1.0,0.0,786.0,160.0,476.0,468.0,101.95511951476227,158.0,84.52086567582671,470.0
2.0,376.25424355797765,177.0,46.0,595.0,113.0,431.92878948312665,528.0,647.3044540032649,26.0
1.0,97.61784364491322,742.0,818.0,548.0,886.0,851.826689275696,990.0,230.0713681291351,968.0
0.0,0.0,73.0,852.0,518.0,1000.0,568.810288101194,243.0,0.0,482.0
0.0,0.0,607.0,486.0,174.0,435.0,35.76829407404129,516.0,374.04633693299763,651.0
2.0,641.5637344048049,23.0,546.0,370.0,855.0,576.9199163849966,385.0,780.2646127024452,997.0
1.0,411.9903727424266,346.0,664.0,904.0,449.0,51.84480398098697,427.0,229.9293235631443,832.0
2.0,621.1670106590124,935.0,700.0,23.0,466.0,440.35945718506173,587.0,367.1473422083062,900.0
0.0,0.0,506.0,623.0,147.0,718.0,10.514809989012713,8.0,117.40707201157333,302.0
2.0,165.15499322118754,285.0,366.0,798.0,656.0,993.4226686374643,464.0,276.679047574425,640.0
1.0,331.8558346439366,617.0,793.0,88.0,475.0,174.8723804488753,950.0,692.3500684586597,644.0
0.0,0.0,781.0,391.0,616.0,208.0,484.4676016130184,498.0,677.188558244619,757.0
0.0,0.0,9.0,642.0,485.0,547.0,309.14799525672214,587.0,27.687838153836115,124.0
0.0,86.20716879107181,657.0,357.0,866.0,986.0,0.0,953.0,0.0,362.0
1.0,28.872470845165807,544.0,146.0,193.0,466.0,385.7891561095956,599.0,0.0,817.0
0.0,217.16701182767008,79.0,676.0,857.0,225.0,273.42582981143585,696.0,108.54309204346897,637.0
0.0,578.4224714683744,14.0,26.0,740.0,905.0,184.57774659262554,596.0,48.76963900280308,114.0
2.0,1000.0,929.0,794.0,734.0,532.0,906.9814883107192,609.0,400.4772415676677,473.0
1.0,468.4156806539275,454.0,335.0,434.0,197.0,535.5283821231599,528.0,414.48847743017984,556.0
1.0,254.39594502309424,973.0,340.0,465.0,456.0,318.27280380591384,684.0,122.33790078549946,449.0
0.0,414.7777725812073,731.0,910.0,847.0,242.0,6.7316762567416815,501.0,0.0,540.0
0.0,154.32480586483823,307.0,906.0,231.0,872.0,66.3674737699099,500.0,0.0,886.0
1.0,121.26327296512889,682.0,768.0,383.0,16.0,0.0,918.0,148.49906878992502,570.0
2.0,176.7327576354734,210.0,561.0,862.0,396.0,511.79029417316394,534.0,130.47099350954346,179.0
0.0,264.74844532892104,237.0,0.0,224.0,773.0,137.98187822012866,45.0,55.0452732928911,38.0
0.0,67.08590239596052,960.0,639.0,868.0,16.0,184.13212726905633,130.0,0.0,594.0
2.0,1000.0,926.0,425.0,407.0,39.0,799.7900497482512,991.0,554.9173845916158,358.0
1.0,370.56297870768094,155.0,65.0,143.0,283.0,237.79362176408281,477.0,0.0,549.0
2.0,0.0,790.0,950.0,17.0,366.0,619.7221281480366,785.0,466.9009092199517,86.0
0.0,213.69368467605378,248.0,407.0,103.0,129.0,283.24422724137014,874.0,0.0,831.0
0.0,276.42530474901724,131.0,750.0,90.0,759.0,544.0213928353368,963.0,0.0,111.0
0.0,113.88584689108404,11.0,403.0,696.0,214.0,170.10518070361886,216.0,0.0,282.0
2.0,574.277332169601,638.0,221.0,751.0,698.0,314.85210909568633,56.0,208.64002506703068,478.0
1.0,225.9026476312139,275.0,98.0,947.0,831.0,392.49916738137256,6.0,305.97369693142156,121.0
0.0,129.28869107706177,820.0,772.0,153.0,625.0,0.0,860.0,58.71582510548663,957.0
2.0,619.0099671856741,649.0,241.0,174.0,371.0,864.1511343670337,486.0,673.3776784353594,224.0
1.0,5.6152191893928345,357.0,322.0,238.0,451.0,264.23019783028343,458.0,713.1187463250542,81.0
0.0,304.85014615560965,812.0,780.0,302.0,167.0,202.38863564897628,622.0,714.9074778984935,497.0
1.0,1000.0,351.0,992.0,129.0,389.0,241.88666299880327,825.0,180.681998718752,396.0
2.0,432.1171591569849,725.0,625.0,312.0,487.0,306.6930493071545,546.0,378.3585061352493,522.0
1.0,468.31982806640576,24.0,303.0,545.0,995.0,0.0,546.0,0.0,114.0
2.0,834.3558196570144,43.0,212.0,732.0,99.0,655.1100531905672,76.0,555.3406124898896,335.0
2.0,244.23549321001977,720.0,64.0,238.0,319.0,184.5143507991499,979.0,201.4541430328082,202.0
0.0,200.5497515216549,214.0,70.0,623.0,185.0,73.67263094680439,101.0,278.8923208516008,887.0
2.0,673.2127674852552,735.0,232.0,771.0,425.0,518.9796149794468,751.0,874.4884109452282,7.0
2.0,89.80875218287457,482.0,777.0,548.0,857.0,468.72349557084544,865.0,826.3523498177022,937.0
2.0,550.1576487701989,253.0,261.0,997.0,892.0,532.942094508105,309.0,1000.0,269.0
1.0,153.36381883894944,572.0,665.0,43.0,384.0,0.0,967.0,350.4541439638064,266.0
2.0,127.58149861602544,474.0,432.0,127.0,445.0,670.9910116015353,966.0,127.57211940386794,627.0
0.0,0.0,1000.0,884.0,495.0,100.0,0.0,610.0,0.0,987.0
2.0,672.9313318777064,910.0,528.0,960.0,544.0,528.3417608703966,121.0,396.8980510203199,598.0
0.0,0.0,903.0,508.0,835.0,250.0,340.2697191254175,790.0,0.0,478.0
0.0,0.0,331.0,789.0,726.0,25.0,362.89162310355675,474.0,147.99527625844036,45.0
0.0,492.53765783073857,2.0,242.0,619.0,692.0,0.0,920.0,87.01506866130143,563.0
0.0,394.8389797469517,596.0,1000.0,167.0,300.0,259.60849949506223,342.0,292.00581421737274,95.0
1.0,383.08089396325425,748.0,561.0,930.0,556.0,683.8416659112082,86.0,672.8143640292295,406.0
2.0,0.0,144.0,14.0,813.0,926.0,765.542936729622,39.0,643.4052711594018,188.0
1.0,266.7882692163663,214.0,580.0,18.0,24.0,141.63283211735376,958.0,288.70871432738625,741.0
2.0,0.0,746.0,292.0,624.0,623.0,757.9679867258266,87.0,692.5685511549142,366.0
1.0,0.0,155.0,38.0,128.0,383.0,70.84810841827655,698.0,377.2276135119471,892.0
0.0,0.0,273.0,175.0,704.0,547.0,0.0,201.0,165.28019755591208,632.0
1.0,459.79674957747216,435.0,833.0,558.0,377.0,295.9693341962783,572.0,552.8815904521941,288.0
0.0,91.81689110703981,826.0,374.0,26.0,268.0,0.0,685.0,289.70117386877814,500.0
1.0,0.0,627.0,222.0,739.0,614.0,1000.0,584.0,221.9142565436534,461.0
2.0,730.6020217335894,475.0,599.0,816.0,784.0,1000.0,575.0,467.83640266850153,365.0
0.0,0.0,231.0,49.0,316.0,426.0,120.5462219413125,27.0,0.0,399.0
2.0,302.93472214254444,704.0,720.0,912.0,37.0,786.2496194924546,239.0,777.9568848814174,727.0
2.0,877.9333219005222,659.0,681.0,302.0,794.0,501.12808855797755,659.0,358.7147693753738,689.0
2.0,1000.0,277.0,28.0,475.0,125.0,559.6500182234325,249.0,939.0170030945332,299.0
2.0,690.3289005919264,187.0,610.0,106.0,408.0,192.08129292533013,369.0,618.3855105086132,625.0
0.0,0.0,672.0,309.0,361.0,631.0,349.35360429683703,851.0,164.2120937167052,547.0
2.0,850.665307935036,95.0,763.0,573.0,885.0,485.8162168216128,790.0,407.4813932193298,628.0
2.0,346.7106329035708,849.0,900.0,539.0,158.0,275.350451254317,293.0,684.089882378108,80.0
2.0,691.3123955022935,979.0,806.0,881.0,690.0,0.0,579.0,867.7573979852152,573.0
0.0,211.77135884305093,937.0,68.0,511.0,62.0,60.560302353340695,797.0,0.0,530.0
0.0,0.0,337.0,317.0,349.0,572.0,0.0,209.0,0.0,66.0
1.0,35.46540073534287,444.0,947.0,744.0,823.0,0.0,500.0,633.2844608776701,408.0
0.0,0.0,883.0,909.0,472.0,720.0,618.6195033108444,866.0,315.52548676477767,879.0
0.0,0.0,338.0,588.0,519.0,79.0,471.5198416118942,64.0,277.3315612515326,332.0
1.0,817.4609840685814,27.0,534.0,623.0,672.0,488.38047342111986,0.0,0.0,285.0
1.0,15.551329023429671,456.0,784.0,971.0,321.0,0.0,203.0,0.0,861.0
2.0,314.35458926770076,678.0,543.0,421.0,941.0,197.8980086965878,892.0,588.3800241703257,171.0
0.0,0.0,182.0,475.0,693.0,841.0,0.0,349.0,424.3808037633744,566.0
2.0,232.25108183414437,394.0,543.0,982.0,394.0,281.03233764041704,67.0,988.277614689935,588.0
0.0,0.0,438.0,689.0,237.0,931.0,75.26967583141867,4.0,157.72512238875623,930.0
2.0,254.74511586651133,846.0,227.0,40.0,469.0,478.0492572046049,316.0,428.58067814874386,474.0
0.0,194.2354346684359,516.0,483.0,585.0,908.0,0.0,494.0,388.4095175211153,643.0
0.0,579.9151940899709,153.0,710.0,112.0,456.0,0.0,286.0,336.9503040820783,881.0
1.0,342.5490661712003,378.0,584.0,639.0,104.0,550.6619486572724,338.0,487.05571619328,831.0
0.0,150.71719684044632,399.0,162.0,423.0,661.0,536.1021816519195,678.0,0.0,251.0
0.0,681.122327901441,409.0,948.0,961.0,562.0,290.37589774259175,733.0,752.822661473368,709.0
1.0,94.78774968189771,286.0,212.0,917.0,875.0,137.0010627683043,404.0,792.5699940201489,472.0
2.0,570.9369929863595,863.0,537.0,828.0,753.0,872.8677371574764,587.0,1000.0,180.0
1.0,455.4751256807947,38.0,699.0,501.0,157.0,415.2059121035777,952.0,0.0,312.0
1.0,0.0,743.0,96.0,867.0,159.0,0.0,372.0,26.60429852740104,791.0
2.0,1000.0,824.0,484.0,3.0,507.0,879.0208844302815,14.0,502.1749532461942,189.0
2.0,866.3445058278119,378.0,206.0,972.0,9.0,611.4846058691775,157.0,524.8314200986265,574.0
0.0,81.1487359672946,374.0,841.0,838.0,129.0,0.0,748.0,0.0,960.0
2.0,81.98729570401564,254.0,557.0,795.0,418.0,183.07756934508663,92.0,562.034162084896,457.0
2.0,911.2209355731403,289.0,577.0,872.0,350.0,534.7027597446535,126.0,680.4872942962642,202.0
0.0,757.5111198840718,243.0,88.0,6.0,961.0,119.1626914300267,331.0,212.99746126486397,598.0
1.0,0.0,722.0,321.0,431.0,841.0,0.0,600.0,186.1710131657657,340.0
0.0,141.44390089974885,226.0,313.0,942.0,737.0,387.44609472685795,962.0,0.0,352.0
1.0,488.1398647202056,787.0,66.0,159.0,542.0,197.9996910091936,866.0,432.6233220889737,814.0
1.0,656.7886435031662,936.0,654.0,804.0,758.0,0.0,497.0,561.4152763043369,489.0
1.0,292.8365597795522,484.0,264.0,731.0,586.0,407.1717794557375,252.0,177.76360566507273,598.0
2.0,764.4484516867891,746.0,381.0,924.0,55.0,676.6946452367713,247.0,388.34583108250604,63.0
0.0,0.0,537.0,120.0,674.0,142.0,65.23714786368713,132.0,324.47564793161735,202.0
0.0,0.0,93.0,957.0,304.0,618.0,803.979999509134,7.0,0.0,856.0
1.0,383.68291449635,572.0,69.0,136.0,284.0,152.55413731744363,699.0,0.0,719.0
2.0,806.5277825527527,305.0,47.0,915.0,293.0,364.7628912802471,389.0,399.36842754780764,269.0
2.0,760.0611942107748,663.0,165.0,238.0,847.0,155.08581641038384,797.0,1000.0,993.0
1.0,504.79295885111435,705.0,305.0,441.0,578.0,767.3856699385492,752.0,393.21419762417327,528.0
0.0,260.07426571482745,768.0,758.0,489.0,707.0,0.0,299.0,0.0,242.0
2.0,258.31331763442785,49.0,1.0,967.0,572.0,813.4743213651673,796.0,198.10250912647606,938.0
0.0,70.46764269185799,302.0,237.0,43.0,426.0,0.0,111.0,272.19038246418336,826.0
1.0,140.19929234967762,82.0,515.0,663.0,625.0,418.2238041607265,118.0,382.3034873711543,117.0
0.0,444.8664193556291,673.0,157.0,887.0,39.0,274.1771369809866,143.0,0.0,544.0
2.0,911.1352049275403,156.0,465.0,726.0,468.0,666.8860030641861,786.0,1000.0,556.0
1.0,0.0,659.0,771.0,720.0,755.0,456.17350512562956,968.0,203.31421619755258,317.0
2.0,518.7220268958234,143.0,388.0,539.0,242.0,343.54082573830044,4.0,852.1232093739906,929.0
1.0,96.42018018052339,300.0,469.0,971.0,884.0,0.0,33.0,335.97119981549974,166.0
2.0,618.5509201815415,425.0,478.0,731.0,759.0,776.971917462471,134.0,852.1972357405264,94.0
1.0,0.0,240.0,974.0,442.0,742.0,218.224436420918,856.0,443.37022236093685,338.0
1.0,453.9436699975212,287.0,291.0,101.0,382.0,292.84171326535784,19.0,940.7848101940281,286.0
2.0,554.0345725970426,664.0,688.0,106.0,973.0,250.24323340631608,7.0,626.7416650059312,841.0
1.0,0.0,776.0,42.0,177.0,491.0,292.0486904135022,415.0,303.46200024019356,397.0
2.0,690.5305226583591,565.0,181.0,181.0,373.0,554.1030064036819,721.0,402.2051330940086,362.0
2.0,466.21185779054787,448.0,510.0,968.0,794.0,367.19712453529155,358.0,547.169470274117,56.0
0.0,285.8961365038385,446.0,602.0,345.0,797.0,521.1759810094914,392.0,0.0,220.0
1.0,0.0,216.0,893.0,18.0,503.0,366.802173516631,66.0,185.72967276909284,301.0
0.0,158.87297293234926,417.0,797.0,774.0,89.0,0.2882887675509572,865.0,0.0,573.0
0.0,0.0,22.0,644.0,720.0,49.0,0.0,15.0,79.45978461345142,904.0
2.0,701.769316230535,470.0,675.0,243.0,84.0,574.5585617312993,405.0,411.87349169291554,763.0
2.0,202.5279003912687,492.0,596.0,414.0,844.0,618.018900032674,498.0,671.1161081919098,103.0
1.0,323.5874399738262,889.0,18.0,789.0,881.0,294.0802554341655,734.0,38.140145658591486,209.0
1.0,591.1551841854384,952.0,325.0,911.0,14.0,1000.0,843.0,107.70573009922596,258.0
0.0,0.0,881.0,45.0,247.0,930.0,0.0,279.0,219.07040678286612,988.0
1.0,292.46381269464075,270.0,58.0,655.0,423.0,432.2712381263173,218.0,774.5300338256935,945.0
2.0,360.75527940972563,536.0,953.0,616.0,208.0,162.30598236768958,700.0,789.9419023984381,57.0
1.0,582.9743000506154,107.0,629.0,450.0,491.0,666.6777303218938,351.0,214.26491833640125,890.0
2.0,0.0,930.0,347.0,897.0,393.0,805.9252048834185,824.0,125.80500249827179,854.0
2.0,314.9190501025418,476.0,861.0,297.0,511.0,572.5812417112983,897.0,862.600358294983,275.0
2.0,258.1413710274656,494.0,698.0,111.0,528.0,226.53423068243595,384.0,516.0362666804649,840.0
2.0,432.1331767121539,747.0,736.0,251.0,877.0,685.4294829761421,982.0,636.2865536596353,357.0
2.0,511.8416792531289,413.0,53.0,92.0,821.0,341.513654849875,663.0,245.20473222464045,570.0
1.0,726.746096005443,877.0,319.0,943.0,253.0,711.5724347165944,872.0,116.44587733940622,61.0
0.0,0.0,991.0,366.0,684.0,684.0,386.80646651595777,140.0,0.0,422.0
2.0,209.3149461967006,533.0,244.0,912.0,134.0,499.4450875605305,299.0,632.9633730167353,486.0
1.0,499.0152441381417,962.0,544.0,148.0,307.0,0.0,596.0,298.58057222719964,330.0
0.0,0.0,574.0,436.0,224.0,754.0,0.0,432.0,250.47894907559763,712.0
2.0,1000.0,779.0,542.0,484.0,221.0,385.7589118373698,678.0,899.666487946516,268.0
0.0,0.0,748.0,409.0,312.0,25.0,0.0,407.0,0.0,952.0
2.0,300.2570083016114,511.0,528.0,344.0,428.0,333.96052693424633,835.0,695.4065213218374,935.0
0.0,0.0,154.0,278.0,818.0,475.0,0.0,830.0,107.6735426161907,711.0
1.0,27.680233615090998,12.0,113.0,742.0,245.0,563.2533045614251,240.0,0.0,186.0
2.0,0.0,902.0,78.0,967.0,713.0,782.260569648513,269.0,278.56507524660213,333.0
1.0,252.61695412265613,10.0,450.0,544.0,196.0,341.0599814268053,29.0,695.0273714293012,830.0
2.0,351.19298965732594,675.0,757.0,691.0,995.0,720.205348357237,299.0,496.74888702738576,241.0
1.0,310.29292475080763,643.0,96.0,396.0,112.0,0.0,903.0,39.55874266940188,969.0
0.0,0.0,999.0,492.0,946.0,400.0,394.07706552532414,389.0,415.8388458714715,441.0
0.0,34.09671282839403,660.0,890.0,688.0,228.0,0.0,692.0,439.41008380267004,47.0
1.0,0.0,804.0,975.0,857.0,571.0,45.860732252789646,715.0,350.3088637389412,213.0
0.0,0.0,489.0,920.0,766.0,24.0,374.72476919546835,404.0,179.90767506401116,712.0
1.0,559.2287905464008,51.0,71.0,12.0,450.0,0.0,144.0,236.22120026987514,307.0
2.0,933.2378639741165,184.0,447.0,986.0,846.0,379.8968756036558,639.0,299.4434123834336,806.0
0.0,0.0,1000.0,622.0,348.0,292.0,85.82420326690415,829.0,16.653877622777173,506.0
0.0,45.588376066747905,120.0,914.0,794.0,686.0,0.0,690.0,0.0,317.0
1.0,78.49896120660942,748.0,176.0,451.0,706.0,0.0,706.0,0.0,371.0
2.0,711.9852717559228,653.0,631.0,301.0,685.0,54.971434212257975,421.0,487.425606786443,508.0
1.0,0.0,120.0,428.0,702.0,162.0,0.0,724.0,478.61583846507875,849.0
1.0,0.0,425.0,150.0,887.0,862.0,231.90544047376775,490.0,225.24919843407136,564.0
1.0,532.908449657412,468.0,190.0,311.0,479.0,598.2322091665601,329.0,77.60305612705817,430.0
0.0,324.84615481972867,215.0,862.0,642.0,157.0,0.0,97.0,140.84569186350976,730.0
2.0,1000.0,456.0,410.0,387.0,426.0,299.0643933331671,792.0,1000.0,699.0
0.0,0.0,953.0,686.0,785.0,884.0,0.0,395.0,116.21062608604205,848.0
1.0,718.7980283871844,449.0,430.0,772.0,115.0,155.10353168774313,351.0,178.45053243404882,367.0
1.0,125.07813187157367,999.0,866.0,578.0,237.0,401.7620546635956,825.0,0.0,462.0
0.0,0.5030146139457653,481.0,296.0,623.0,969.0,306.4295774896842,260.0,90.41679247648784,681.0
1.0,520.9584764686153,36.0,986.0,45.0,871.0,122.99341114275376,573.0,539.8076066895136,654.0
2.0,832.5341606652465,442.0,455.0,465.0,156.0,998.5138465523012,933.0,0.0,123.0
0.0,0.0,201.0,890.0,384.0,596.0,550.4120878368261,659.0,110.36048520779346,817.0
2.0,532.0682567025298,914.0,554.0,765.0,154.0,426.0813449245347,330.0,755.2320197020704,476.0
2.0,464.3063135536257,57.0,89.0,891.0,633.0,603.3763719826608,66.0,114.00883747929738,155.0
0.0,0.0,303.0,60.0,19.0,172.0,0.0,957.0,111.16364751160026,907.0
1.0,109.67267835148007,472.0,113.0,878.0,646.0,154.60535711007682,317.0,34.72948822770601,383.0
1.0,0.0,802.0,743.0,159.0,52.0,171.682638502391,245.0,403.2368467272545,248.0
0.0,110.42780843535027,477.0,721.0,859.0,164.0,438.6377180468455,915.0,542.1664052913582,819.0
0.0,0.0,402.0,22.0,624.0,48.0,0.0,356.0,480.85502110856714,518.0
1.0,0.0,476.0,85.0,626.0,542.0,0.0,575.0,297.6257874578782,97.0
2.0,359.3538236439274,332.0,130.0,188.0,424.0,290.4994188349162,559.0,232.7362107209483,939.0
0.0,60.79553208433442,527.0,536.0,564.0,464.0,333.61882272015134,378.0,577.097341731073,82.0
2.0,362.0663546955049,910.0,793.0,353.0,844.0,796.0128496231605,725.0,519.1327800614197,533.0
0.0,298.25402281164475,464.0,720.0,84.0,37.0,0.0,921.0,0.0,390.0
1.0,0.0,329.0,202.0,931.0,524.0,625.8208632215196,912.0,417.6476696215784,37.0
0.0,218.73096739275064,360.0,557.0,198.0,810.0,424.94655399081876,59.0,597.947364129798,247.0
2.0,324.2040154792025,982.0,163.0,258.0,588.0,536.9754856916288,212.0,374.13100493495136,625.0
0.0,0.0,292.0,604.0,521.0,587.0,407.6753833957988,272.0,0.0,190.0
0.0,0.0,407.0,575.0,692.0,877.0,285.4008553410783,61.0,325.03950245386727,827.0
2.0,899.7987663237365,388.0,189.0,108.0,408.0,719.1341877392304,84.0,129.2425815793953,184.0
2.0,917.6770356914662,292.0,60.0,617.0,567.0,738.183205383128,840.0,685.3117817270349,67.0
2.0,507.7579983807798,456.0,107.0,432.0,767.0,828.3691722593112,693.0,741.3262640656002,384.0
2.0,516.8860391273591,35.0,450.0,13.0,1000.0,24.48274625947957,50.0,676.2545884778947,343.0
0.0,0.0,484.0,311.0,524.0,512.0,34.98732742944649,76.0,0.0,545.0
1.0,737.8480413992122,751.0,381.0,174.0,398.0,182.58466016895642,381.0,63.19682143042654,627.0
0.0,261.05887447190423,655.0,48.0,556.0,895.0,0.0,592.0,21.855148551759537,646.0
1.0,0.0,515.0,629.0,544.0,92.0,191.8711878872296,879.0,154.64096999560653,34.0
2.0,815.9047221517566,700.0,868.0,497.0,838.0,472.8329401930799,929.0,556.1513860748225,585.0
1.0,545.6305814314865,222.0,101.0,681.0,661.0,606.8025236447239,965.0,193.06688091805887,333.0
0.0,168.46234794901147,698.0,874.0,706.0,49.0,0.0,861.0,0.0,788.0
0.0,167.96424305254504,717.0,63.0,790.0,8.0,34.436879307937865,956.0,277.44038904372127,956.0
0.0,0.0,881.0,485.0,898.0,958.0,157.04737028689595,127.0,497.7914108937282,646.0
0.0,187.18449690063127,689.0,598.0,849.0,382.0,0.0,910.0,286.068602007755,247.0
1.0,351.817394300834,370.0,423.0,216.0,884.0,161.82610532059334,185.0,417.6246705182587,577.0
1.0,154.24433762396518,185.0,757.0,191.0,416.0,470.81627865006186,951.0,617.7272737921098,142.0
0.0,0.0,141.0,265.0,98.0,614.0,0.0,786.0,296.93747857357437,780.0
1.0,224.30133497770757,241.0,791.0,283.0,234.0,160.52484368188047,892.0,735.6740116155813,129.0
1.0,17.15302049994028,636.0,536.0,541.0,41.0,341.9505709319408,376.0,957.5482523489396,136.0
2.0,727.4558661310201,49.0,496.0,743.0,259.0,784.2027636086145,119.0,1000.0,839.0
2.0,468.86775047034916,259.0,903.0,614.0,432.0,701.2758101595273,290.0,657.2107765593981,961.0
0.0,65.72286263487923,540.0,341.0,291.0,629.0,0.0,618.0,350.9352206713987,1.0
1.0,283.55967248396126,508.0,387.0,824.0,320.0,698.6079044173517,300.0,0.0,620.0
1.0,395.96844372310443,310.0,626.0,105.0,597.0,0.0,706.0,490.81718895764544,758.0
1.0,164.7407021699814,884.0,459.0,679.0,278.0,7.143402878003415,599.0,548.4463260973038,868.0
1.0,573.1960163845744,804.0,470.0,819.0,15.0,524.488143530851,318.0,187.10528080420076,826.0
1.0,72.4651421351159,651.0,130.0,953.0,448.0,0.0,516.0,107.91850302128725,282.0
2.0,330.4776068769095,44.0,476.0,820.0,899.0,1000.0,965.0,909.4798701013799,541.0
0.0,541.0775851541589,314.0,725.0,120.0,510.0,110.78441961321226,266.0,342.05167503007834,900.0
1.0,0.0,790.0,622.0,743.0,229.0,359.50665631018416,122.0,339.182515685343,586.0
2.0,511.99790144122204,580.0,51.0,154.0,325.0,632.5995625475316,278.0,306.67376985116556,336.0
0.0,47.501298748505455,649.0,385.0,187.0,174.0,135.06245459404042,358.0,0.0,425.0
1.0,237.5980698469256,362.0,239.0,801.0,187.0,0.0,79.0,0.0,70.0
0.0,280.51826066443107,535.0,783.0,382.0,936.0,469.60668286099946,236.0,505.87222161675254,53.0
1.0,377.16326571195265,859.0,870.0,673.0,597.0,688.0174601445083,398.0,840.8742595044893,57.0
2.0,637.2215015306075,399.0,252.0,157.0,607.0,1000.0,124.0,1000.0,542.0
2.0,974.4857054210722,691.0,480.0,736.0,62.0,111.60944222110871,583.0,688.8951188074042,891.0
2.0,1000.0,528.0,324.0,11.0,94.0,575.4862176836671,946.0,199.52231226177219,162.0
0.0,461.1283836700791,893.0,166.0,682.0,860.0,0.0,789.0,148.76822316957347,768.0
1.0,0.0,56.0,680.0,123.0,747.0,543.071875851105,68.0,215.7702812062933,725.0
1.0,72.5003349500556,802.0,526.0,941.0,836.0,165.08155741065602,112.0,0.0,811.0
0.0,0.0,163.0,783.0,915.0,723.0,104.31764651805774,525.0,233.01342169883307,45.0
2.0,595.9240618745287,522.0,906.0,926.0,934.0,306.1022467184422,118.0,367.6219478114456,267.0
2.0,742.958689517379,836.0,798.0,238.0,279.0,714.4249467075502,533.0,241.28498973495772,410.0
1.0,26.870615748150193,151.0,197.0,791.0,834.0,0.0,823.0,822.9793008030375,953.0
1.0,90.63251309403549,8.0,243.0,816.0,377.0,0.0,959.0,34.88227499757634,213.0
2.0,751.1376415208922,301.0,339.0,634.0,448.0,180.56587699869496,376.0,761.8996640762722,500.0
2.0,540.3537568246762,830.0,55.0,512.0,414.0,898.5880043135841,115.0,785.5183818616368,443.0
2.0,481.3133974183283,592.0,310.0,165.0,473.0,1000.0,663.0,728.0990495910324,56.0
1.0,701.7828235137067,344.0,81.0,882.0,803.0,109.42398640586828,131.0,674.7436159132218,977.0
1.0,377.8682540726207,0.0,634.0,164.0,300.0,128.37650025830746,680.0,0.0,426.0
1.0,0.0,651.0,206.0,258.0,112.0,0.0,741.0,3.937508297301714,156.0
0.0,0.0,774.0,444.0,787.0,985.0,0.0,605.0,12.393545080229716,808.0
1.0,542.3982590811593,176.0,727.0,924.0,433.0,287.968586173148,188.0,693.6586123043061,207.0
1.0,0.0,402.0,905.0,342.0,413.0,0.0,291.0,0.0,578.0
1.0,162.94612344190497,864.0,196.0,428.0,3.0,266.85494109853215,707.0,206.55981076670795,766.0
0.0,621.1919010044454,408.0,520.0,586.0,246.0,0.0,614.0,0.0,997.0
0.0,0.0,973.0,665.0,360.0,64.0,0.0,500.0,0.0,654.0
1.0,162.1283104258039,888.0,541.0,832.0,946.0,4.834278575122855,478.0,528.0272343131547,242.0
0.0,0.0,913.0,461.0,801.0,498.0,0.0,777.0,0.0,652.0
0.0,142.50589853874823,828.0,58.0,462.0,272.0,320.7463425341504,36.0,458.5400375937075,218.0
2.0,286.5114268390694,2.0,598.0,606.0,816.0,825.6149004604736,239.0,643.3501877183701,320.0
2.0,398.02270800588593,532.0,437.0,601.0,541.0,581.9877985425883,683.0,625.2090094248479,553.0
0.0,0.0,532.0,752.0,586.0,525.0,23.6177403796454,224.0,145.56414778409163,921.0
2.0,784.2084256469874,28.0,157.0,857.0,449.0,968.8946811745135,315.0,141.19202124475237,997.0
1.0,259.9191594764857,140.0,614.0,106.0,837.0,723.6788715358852,69.0,0.0,661.0
2.0,969.2807262814342,26.0,595.0,827.0,674.0,848.6627093082681,381.0,653.8455172686648,698.0
0.0,617.9955474114423,169.0,691.0,504.0,839.0,171.3533462839058,377.0,0.0,38.0
1.0,879.009964690825,410.0,636.0,387.0,359.0,368.44497445301187,743.0,455.76833592003015,359.0
2.0,445.36394976688257,793.0,647.0,741.0,233.0,352.94625322073523,901.0,407.1818534930382,907.0
0.0,0.0,413.0,55.0,114.0,959.0,43.66156709163506,227.0,0.0,856.0
1.0,831.3893915011682,445.0,962.0,875.0,795.0,426.99885061987413,187.0,566.4237787991276,145.0
2.0,428.3325139709197,282.0,675.0,136.0,768.0,762.675546395196,255.0,444.5920898506442,696.0
1.0,669.2184125099994,559.0,478.0,596.0,479.0,368.4518749777738,783.0,588.2931845337226,350.0
1.0,181.26981439680253,247.0,605.0,666.0,577.0,0.0,311.0,0.0,283.0
2.0,480.720650649711,956.0,873.0,851.0,571.0,777.102228428493,359.0,760.8263123497475,367.0
0.0,0.0,694.0,692.0,484.0,780.0,0.0,363.0,0.0,837.0
1.0,0.0,722.0,427.0,863.0,689.0,753.9485061664799,132.0,745.3500265347334,950.0
2.0,182.66899898922182,942.0,593.0,213.0,765.0,1000.0,89.0,888.4273825179639,118.0
0.0,223.51517275548832,909.0,279.0,41.0,475.0,14.46183202053203,113.0,103.83703224040056,995.0
1.0,483.8367519909344,8.0,144.0,975.0,371.0,487.9210307773963,867.0,283.4161485796773,34.0
1.0,417.5753358260113,825.0,813.0,279.0,615.0,0.0,404.0,119.40175477657506,593.0
1.0,472.60708101607133,491.0,92.0,167.0,313.0,786.7073140204817,448.0,357.9084841935718,386.0
2.0,55.60426178228295,505.0,531.0,740.0,963.0,1000.0,689.0,283.86710664579374,982.0
0.0,274.88493797757786,51.0,140.0,236.0,400.0,0.0,966.0,240.30977523513621,242.0
1.0,279.667149232882,924.0,176.0,920.0,123.0,808.9189724442226,38.0,243.08174785058864,779.0
1.0,0.0,734.0,463.0,592.0,997.0,0.0,640.0,115.12335685946886,198.0
2.0,475.65305664920317,318.0,809.0,756.0,742.0,949.9898626594198,422.0,207.8223349888667,667.0
0.0,249.17209268793096,336.0,460.0,955.0,831.0,0.0,403.0,646.3812967085446,591.0
2.0,353.3911589383807,854.0,592.0,803.0,736.0,827.4940827172627,758.0,941.6369820743414,929.0
0.0,458.6176864960777,251.0,996.0,318.0,662.0,27.39623907753804,889.0,0.0,956.0
2.0,0.0,947.0,336.0,611.0,555.0,564.8820302234899,528.0,81.26801382482715,186.0
0.0,446.9550663236423,356.0,898.0,511.0,498.0,0.0,254.0,0.0,11.0
2.0,91.52151762878033,573.0,715.0,662.0,670.0,742.6333850931112,943.0,762.327870684902,583.0
1.0,503.97828319816,597.0,301.0,816.0,469.0,523.1044164058625,830.0,401.68947765891744,246.0
0.0,44.14613112839832,112.0,87.0,900.0,925.0,620.8326865163257,16.0,0.0,907.0
2.0,897.8338787461253,569.0,535.0,559.0,43.0,293.5762779512367,397.0,594.316430176887,174.0
1.0,0.0,861.0,762.0,120.0,225.0,458.2377363161552,314.0,0.0,689.0
1.0,292.05032206385624,219.0,268.0,912.0,120.0,430.03347763705614,258.0,0.0,364.0
2.0,728.2323917656238,625.0,378.0,553.0,826.0,352.8391233939736,152.0,933.6997925688069,8.0
0.0,76.0918273759702,560.0,57.0,552.0,716.0,243.7543525955507,284.0,0.0,127.0
0.0,32.57744359306101,699.0,284.0,541.0,460.0,95.8756485078968,722.0,168.62038742552468,510.0
2.0,689.0013386516459,650.0,555.0,938.0,843.0,897.5563962658496,938.0,586.1741888413766,493.0
2.0,283.1386699151636,924.0,101.0,936.0,263.0,1000.0,723.0,721.6092878023671,39.0
2.0,301.11266822990706,336.0,312.0,986.0,66.0,874.04540931848,449.0,709.7830061246774,146.0
0.0,268.724490590637,447.0,99.0,870.0,608.0,7.6556650145719125,937.0,73.86980299640489,412.0
0.0,0.0,378.0,230.0,617.0,24.0,188.7209904269522,709.0,0.0,737.0
1.0,0.0,767.0,357.0,964.0,440.0,619.9041167220339,897.0,19.138893396876036,711.0
1.0,765.1999032237287,332.0,276.0,544.0,439.0,83.34876084642819,44.0,364.3653201038608,902.0
0.0,0.0,17.0,588.0,528.0,405.0,3.9635847780690994,992.0,0.0,74.0
1.0,138.36131642390765,621.0,515.0,274.0,72.0,81.95519359224285,147.0,0.0,646.0
0.0,0.0,119.0,392.0,977.0,314.0,709.5212218436537,847.0,0.0,51.0
1.0,128.45024094086196,488.0,620.0,432.0,670.0,33.40710040164542,924.0,0.7670351182322528,66.0
1.0,0.0,769.0,906.0,74.0,688.0,0.0,955.0,170.8614487081542,717.0
0.0,0.0,424.0,7.0,524.0,639.0,0.0,306.0,86.2530726693916,525.0
0.0,209.97117922085425,790.0,624.0,294.0,485.0,0.0,726.0,616.3330071395144,757.0
0.0,326.1237556436722,130.0,828.0,983.0,45.0,381.52938239438487,500.0,837.8776710025169,788.0
1.0,0.0,374.0,343.0,100.0,757.0,88.61501548384004,180.0,298.97378196833637,690.0
0.0,25.564883309403417,617.0,896.0,808.0,797.0,0.0,462.0,0.0,833.0
0.0,230.55930974861997,162.0,320.0,802.0,862.0,0.0,810.0,493.7256175747637,86.0
2.0,435.2063235644652,67.0,20.0,355.0,730.0,58.13509497620452,318.0,398.15066662913193,896.0
2.0,786.0987662726142,419.0,458.0,849.0,728.0,811.9482415156583,66.0,623.4103865946181,729.0
2.0,782.7321282443438,387.0,311.0,14.0,415.0,535.240361074539,644.0,580.8307826029317,951.0
1.0,35.01945401335632,418.0,738.0,382.0,788.0,0.0,928.0,200.4810531961869,715.0
0.0,0.0,947.0,756.0,659.0,169.0,422.43600458330536,397.0,0.0,328.0
1.0,395.0166547205044,308.0,113.0,105.0,285.0,397.6679864370332,730.0,367.8378727188302,348.0
1.0,137.73623224036064,718.0,313.0,358.0,4.0,314.59373297555186,994.0,262.3259237467056,92.0
0.0,306.9149856620688,268.0,310.0,294.0,592.0,101.00319672000171,21.0,211.45708124890993,317.0
0.0,473.08571995731916,480.0,641.0,504.0,469.0,0.0,560.0,0.0,744.0
1.0,425.8204658893582,54.0,784.0,994.0,408.0,225.55747118302855,712.0,779.2805075727969,714.0
2.0,0.0,172.0,507.0,483.0,904.0,1000.0,729.0,483.38680362918967,625.0
0.0,0.0,166.0,883.0,891.0,603.0,0.0,637.0,327.25477420612697,761.0
2.0,426.0665293471734,13.0,360.0,171.0,943.0,106.77204818653448,989.0,135.5344790725803,942.0
0.0,484.28352956495104,738.0,650.0,147.0,227.0,603.9891325917544,988.0,11.542018618625676,822.0
1.0,463.5740258366504,956.0,356.0,230.0,178.0,404.0062738681189,573.0,197.99849439083727,625.0
2.0,318.7403140865875,800.0,889.0,233.0,266.0,91.49551314834044,707.0,242.6060481355169,274.0
0.0,0.0,672.0,148.0,354.0,761.0,58.61207676976521,309.0,298.98501943163325,743.0
2.0,533.2013280502892,632.0,576.0,550.0,173.0,1000.0,790.0,296.26460175597435,223.0
0.0,0.0,599.0,11.0,376.0,890.0,32.72782448794071,124.0,0.0,419.0
2.0,650.4894722162942,920.0,591.0,470.0,162.0,334.98030752261906,13.0,613.1711087477933,311.0
0.0,480.0781106807561,944.0,702.0,234.0,289.0,0.0,726.0,0.0,418.0
2.0,667.6093759100052,277.0,956.0,624.0,168.0,396.9775510318681,957.0,0.0,711.0
0.0,447.03019114910023,738.0,364.0,351.0,772.0,130.8231502434692,265.0,238.2983330186919,179.0
0.0,21.812026523505473,780.0,182.0,339.0,943.0,66.25745769612551,413.0,0.0,305.0
1.0,0.0,939.0,397.0,85.0,828.0,547.4060756902827,217.0,641.721982875559,354.0
0.0,129.61430345875087,715.0,581.0,153.0,56.0,164.86639199828358,621.0,0.0,185.0
0.0,214.3282088787164,270.0,676.0,919.0,705.0,0.0,260.0,172.05786961932657,641.0
0.0,0.0,922.0,26.0,589.0,517.0,294.14169398725767,767.0,293.541153574802,850.0
2.0,408.0523150023809,513.0,202.0,150.0,190.0,126.59073732215224,611.0,420.99287326576734,428.0
1.0,685.5584352219781,920.0,531.0,667.0,948.0,176.72245281234137,904.0,0.0,569.0
1.0,694.5111689440395,437.0,766.0,402.0,280.0,433.53772177807696,659.0,346.8206474115953,148.0
1.0,88.22510356032268,624.0,744.0,933.0,992.0,136.72153328986957,916.0,0.0,371.0
1.0,513.9815699026361,536.0,67.0,389.0,416.0,590.3152912005143,649.0,682.3537720087741,187.0
0.0,276.99084596948177,923.0,851.0,393.0,291.0,0.0,358.0,44.8738902343609,93.0
1.0,0.0,761.0,713.0,942.0,860.0,0.0,155.0,0.0,206.0
0.0,431.3859891616123,510.0,190.0,820.0,719.0,0.0,439.0,0.0,539.0
1.0,653.793475432676,219.0,967.0,392.0,225.0,190.30167939945622,221.0,312.85835935568736,110.0
0.0,0.0,571.0,123.0,362.0,416.0,258.057570901336,55.0,0.0,156.0
2.0,976.1377819406475,91.0,620.0,247.0,740.0,871.7226958365108,593.0,373.07899316222034,342.0
1.0,638.6373647303615,887.0,863.0,406.0,15.0,75.60391313258502,134.0,615.1106573523587,601.0
1.0,553.6619161694441,468.0,408.0,998.0,449.0,752.6970441303621,643.0,360.58472691407746,493.0
2.0,616.7693537866403,40.0,235.0,92.0,498.0,335.96346048931747,474.0,579.2770222348247,54.0
2.0,735.348666716888,921.0,684.0,368.0,879.0,557.5855252376192,319.0,783.1229401613447,680.0
0.0,0.0,579.0,256.0,649.0,19.0,475.04192382687353,322.0,504.600471007717,132.0
0.0,385.9972491751827,469.0,256.0,983.0,141.0,27.685520085524164,875.0,207.56515126616839,229.0
1.0,583.0482898703065,99.0,359.0,116.0,773.0,194.85062532127,462.0,0.0,91.0
1.0,506.6939081800317,365.0,274.0,655.0,608.0,259.2742411557876,223.0,332.3374167650412,949.0
1.0,110.6526313336308,20.0,888.0,68.0,650.0,53.44258415920723,318.0,0.0,639.0
0.0,348.72241422475133,693.0,258.0,331.0,230.0,363.46971308798067,831.0,616.1402475172616,298.0
2.0,143.87971596732967,548.0,266.0,799.0,657.0,396.0254920919098,486.0,675.8823263581537,879.0
0.0,170.23156138178615,306.0,909.0,459.0,588.0,280.70233730221554,858.0,872.6816404211813,444.0
0.0,401.1141827365755,683.0,709.0,378.0,651.0,231.1982887047909,361.0,561.7919012211883,984.0
0.0,0.0,119.0,280.0,277.0,553.0,262.7318470281828,189.0,168.6270968195005,658.0
2.0,295.9020566628061,52.0,195.0,76.0,912.0,565.6663167453363,178.0,48.601625678620714,870.0
1.0,0.0,113.0,944.0,80.0,487.0,511.5558935631093,796.0,770.2270318786931,193.0
2.0,418.5035877280854,742.0,586.0,796.0,648.0,61.37514934453206,600.0,147.3550998988612,637.0
0.0,149.1102736757965,254.0,776.0,696.0,810.0,0.0,279.0,0.0,237.0
2.0,163.1360002147818,424.0,460.0,178.0,139.0,707.1331227159804,942.0,474.4368450409891,350.0
1.0,620.7863072445232,545.0,509.0,846.0,383.0,309.66760548304916,250.0,146.45594159788914,892.0
0.0,0.0,211.0,509.0,201.0,242.0,144.73331973557598,842.0,633.4739420947805,117.0
0.0,0.0,579.0,716.0,566.0,538.0,517.8195600295135,509.0,0.0,457.0
0.0,0.0,822.0,486.0,525.0,25.0,0.0,124.0,62.40406654767346,364.0
0.0,92.960224580869,645.0,38.0,408.0,138.0,299.1136311483305,590.0,0.0,378.0
1.0,0.0,19.0,722.0,28.0,512.0,349.484952591825,513.0,0.0,715.0
0.0,0.0,246.0,89.0,981.0,212.0,233.6321692685445,82.0,0.0,464.0
0.0,66.15218859782452,853.0,285.0,230.0,760.0,512.4258568942067,304.0,215.85243373547254,712.0
0.0,249.65943757883784,389.0,755.0,68.0,532.0,127.17649538491035,685.0,447.6523905731712,504.0
2.0,757.7309866863814,829.0,525.0,407.0,716.0,636.4688961068905,21.0,650.9813967844894,491.0
1.0,0.0,866.0,572.0,563.0,836.0,151.7762674773453,361.0,1000.0,749.0
2.0,377.68057254175466,56.0,288.0,356.0,851.0,0.0,552.0,657.9076500100697,779.0
2.0,1000.0,290.0,542.0,174.0,860.0,879.1091060356969,9.0,273.04756362719075,629.0
2.0,370.84043762791094,935.0,436.0,589.0,925.0,380.14993409731744,810.0,617.8291423870254,791.0
1.0,147.85853591874266,865.0,645.0,601.0,99.0,223.8696647357127,347.0,140.50482624784402,188.0
0.0,0.0,737.0,278.0,659.0,239.0,529.6950474369327,446.0,0.0,677.0
1.0,187.36282888055783,551.0,595.0,976.0,171.0,168.56444802084377,371.0,446.53417578850184,477.0
2.0,259.0699812070187,796.0,948.0,590.0,850.0,660.3541835432569,277.0,939.228328078407,421.0
0.0,547.0317925081166,423.0,979.0,125.0,571.0,31.45601407984061,14.0,0.0,212.0
1.0,330.92888962657764,918.0,308.0,748.0,607.0,0.0,134.0,70.67538849566098,232.0
0.0,81.84318864299901,914.0,474.0,661.0,717.0,0.0,589.0,229.04011048036398,527.0
2.0,497.123471233361,690.0,579.0,674.0,51.0,466.8116142044557,1.0,627.527347573904,385.0
1.0,714.6364001474489,533.0,496.0,452.0,840.0,201.86089528197982,583.0,0.0,984.0
1.0,133.38240136909153,483.0,528.0,410.0,646.0,90.35607600469936,919.0,382.5597009155265,708.0
1.0,388.0758184128576,196.0,814.0,268.0,583.0,547.4481174428435,782.0,542.8896028744372,459.0
1.0,271.6175748761098,711.0,725.0,839.0,368.0,78.53938277827262,320.0,121.92256517099379,21.0
2.0,314.8440082918584,290.0,920.0,454.0,414.0,1000.0,829.0,939.9232956184659,829.0
0.0,0.0,677.0,154.0,670.0,485.0,281.18450338274175,556.0,84.61332631247059,471.0
2.0,647.0465329673093,467.0,927.0,325.0,344.0,881.9423312051769,163.0,126.93692391372117,380.0
0.0,304.521699792382,464.0,791.0,515.0,850.0,244.30035758262034,119.0,140.24097828645384,840.0
0.0,249.45860413591126,488.0,72.0,869.0,325.0,0.0,775.0,0.0,378.0
1.0,534.7157207629234,285.0,434.0,964.0,941.0,404.42253855364964,157.0,382.99664676249677,823.0
1.0,0.0,263.0,395.0,766.0,659.0,110.53675623028384,488.0,131.38215195606787,720.0
2.0,0.0,622.0,909.0,292.0,209.0,470.89965256218704,890.0,636.9933610071073,738.0
0.0,0.0,605.0,500.0,910.0,945.0,739.8263432506197,698.0,0.0,768.0
1.0,702.1531804154494,179.0,254.0,328.0,645.0,677.7729447842635,307.0,277.2545953143838,260.0
2.0,731.8674367030819,189.0,561.0,729.0,460.0,736.1309437032088,927.0,935.2052824810315,193.0
1.0,721.6184440957377,69.0,458.0,409.0,142.0,346.02147138450505,817.0,837.8423480648732,786.0
0.0,218.16857641512712,446.0,903.0,726.0,233.0,337.97614074644576,737.0,0.0,890.0
1.0,22.400614812705154,134.0,402.0,697.0,648.0,784.2188470660917,937.0,0.0,155.0
2.0,616.3738966306684,633.0,782.0,304.0,327.0,765.5376520670324,45.0,188.5313387704653,871.0
2.0,110.60865814045587,284.0,218.0,287.0,68.0,406.13151392215104,427.0,1000.0,226.0
1.0,730.8925082135228,0.0,410.0,922.0,370.0,354.01559152878116,411.0,243.31994988221194,216.0
1.0,373.7712539398185,540.0,309.0,250.0,539.0,716.3053257837632,633.0,522.5493335765877,969.0
0.0,0.0,625.0,312.0,24.0,928.0,0.0,210.0,164.810895797518,426.0
2.0,215.67388208631735,9.0,59.0,872.0,399.0,862.6801945482522,365.0,647.6713876646124,484.0
1.0,456.7928178195431,811.0,624.0,870.0,139.0,218.0132907103612,378.0,59.711084267344845,929.0
0.0,380.381839084573,58.0,808.0,883.0,733.0,414.5334100303207,461.0,370.1563568131749,518.0
1.0,203.37773466947067,977.0,677.0,678.0,166.0,572.6051414083189,894.0,121.7002338304523,296.0
2.0,890.3441744535228,743.0,582.0,363.0,235.0,304.08091577565807,256.0,602.0978078020154,959.0
2.0,424.77189546764146,583.0,758.0,480.0,980.0,478.6136046917365,106.0,1000.0,87.0
2.0,689.3760608632078,630.0,86.0,337.0,275.0,800.1067868728151,105.0,544.5298295507034,33.0
2.0,224.02658863925646,995.0,661.0,779.0,607.0,691.8482118687172,771.0,675.6454724855596,909.0
2.0,893.9535180379537,966.0,208.0,439.0,7.0,558.0224688457516,992.0,388.2708242916081,743.0
0.0,0.0,867.0,648.0,981.0,900.0,569.5189631843252,359.0,380.0408441808118,950.0
0.0,0.0,543.0,143.0,800.0,247.0,0.0,637.0,0.0,807.0
2.0,918.8603054417345,437.0,711.0,698.0,408.0,792.1708889232106,185.0,302.74272034413553,20.0
2.0,539.9484059659349,256.0,9.0,336.0,446.0,381.15515150812587,749.0,365.9623877251494,970.0
2.0,505.68550518075284,528.0,80.0,830.0,429.0,758.2074457208593,235.0,753.4611284158582,487.0
0.0,0.0,133.0,528.0,322.0,436.0,54.29725082309528,459.0,144.46226473197896,966.0
0.0,0.0,865.0,661.0,913.0,164.0,43.35189654881774,117.0,0.0,952.0
1.0,105.7491149907477,325.0,707.0,382.0,266.0,1000.0,739.0,807.3311007860556,563.0
2.0,650.3383735757357,184.0,781.0,490.0,837.0,236.44837435757967,719.0,182.7004823099472,738.0
0.0,415.5745591263705,262.0,78.0,759.0,646.0,196.57216576353187,696.0,0.0,654.0
0.0,0.0,117.0,649.0,909.0,761.0,0.0,762.0,416.0842660894951,715.0
1.0,135.62903170316264,575.0,337.0,315.0,188.0,1000.0,112.0,505.93907649568376,817.0
2.0,313.6197408842078,364.0,86.0,408.0,694.0,0.0,634.0,307.7557450397029,304.0
0.0,205.74816957796872,609.0,495.0,985.0,307.0,0.0,598.0,351.78761116414637,361.0
1.0,162.40103064608277,913.0,966.0,152.0,450.0,117.67923437663931,3.0,220.7315858451524,136.0
2.0,641.9015073303809,31.0,97.0,734.0,534.0,301.0456900095332,503.0,893.7925596245499,550.0
2.0,517.2988838023217,274.0,769.0,531.0,737.0,809.0272207722732,351.0,765.3853932146379,470.0
2.0,250.14441221985402,23.0,622.0,695.0,11.0,458.3155124193693,416.0,889.8670033610142,278.0
0.0,0.0,453.0,354.0,636.0,689.0,90.96861169487748,711.0,0.0,432.0
1.0,287.40683096967126,793.0,154.0,363.0,14.0,581.5896125194497,528.0,636.6429346260762,579.0
1.0,476.5441367133161,134.0,945.0,414.0,348.0,313.93643774786005,366.0,236.9388375904712,597.0
0.0,0.0,399.0,941.0,104.0,754.0,288.72805452552154,184.0,113.72611877562281,909.0
1.0,194.42842901880562,238.0,856.0,314.0,163.0,988.1113578018294,598.0,377.9754832941181,246.0
0.0,0.0,297.0,646.0,610.0,937.0,27.919444928734148,271.0,158.10341791987454,22.0
2.0,510.4646131758344,804.0,144.0,404.0,931.0,19.001331260774077,10.0,647.4406750583582,25.0
1.0,43.62576476476303,658.0,528.0,163.0,124.0,512.8933124371559,824.0,26.80139493079911,543.0
2.0,438.3627140529803,694.0,328.0,482.0,537.0,204.66955852865564,610.0,891.0999130956425,600.0
2.0,206.01560767889475,541.0,2.0,279.0,384.0,573.8785126046307,246.0,660.93992731127,825.0
0.0,631.3964267085771,650.0,817.0,798.0,738.0,177.55000586979867,950.0,208.85928032037955,153.0
0.0,0.0,911.0,647.0,790.0,994.0,3.608292455197289,242.0,0.0,443.0
1.0,402.28894009529654,667.0,379.0,155.0,978.0,521.0351279015537,571.0,0.0,157.0
2.0,1000.0,977.0,542.0,442.0,583.0,1000.0,376.0,740.0511441547466,457.0
2.0,653.5462551798951,911.0,265.0,96.0,739.0,1000.0,278.0,825.1051909559748,511.0
0.0,189.96379912934628,486.0,84.0,809.0,24.0,0.0,273.0,272.13017173679475,988.0
2.0,372.4967831677615,304.0,686.0,683.0,963.0,318.95805574462213,200.0,1000.0,744.0
2.0,464.89036385589895,691.0,142.0,321.0,969.0,943.9322610583662,594.0,261.58710674911697,567.0
0.0,120.13799804722828,595.0,512.0,867.0,650.0,0.0,134.0,461.38053438024986,149.0
1.0,0.0,987.0,717.0,987.0,151.0,70.16606800461527,176.0,330.87973352007896,617.0
1.0,288.9596676560796,509.0,456.0,640.0,448.0,141.9684384260703,624.0,163.95717566250286,956.0
1.0,218.74522113947285,604.0,993.0,786.0,839.0,386.756702559356,648.0,215.50989669709776,183.0
2.0,562.3357506915927,195.0,999.0,414.0,742.0,712.2919701224432,822.0,1000.0,750.0
0.0,0.0,249.0,517.0,407.0,70.0,74.5602925939604,294.0,0.0,50.0
0.0,388.8466440200972,466.0,280.0,38.0,429.0,0.0,856.0,326.68181683832387,101.0
2.0,1000.0,521.0,705.0,91.0,535.0,519.4892458352336,115.0,509.1085375168749,188.0
0.0,14.685868693961876,104.0,633.0,294.0,529.0,62.60742464277299,340.0,0.0,972.0
2.0,102.83862344852912,662.0,80.0,783.0,95.0,749.5322805789679,164.0,0.0,371.0
2.0,439.937689541559,922.0,220.0,906.0,637.0,470.03997232223094,992.0,790.1449372429456,800.0
2.0,93.88943251210563,224.0,496.0,73.0,279.0,766.3494267945415,74.0,1000.0,688.0
2.0,723.4069788901821,275.0,929.0,755.0,521.0,245.84162205459927,478.0,555.6048389997763,718.0
1.0,272.7922289692754,801.0,605.0,616.0,304.0,0.0,341.0,95.56604837653272,765.0
0.0,223.4938014491803,186.0,786.0,674.0,683.0,105.48610862528757,663.0,209.1349679258091,615.0
0.0,0.0,808.0,709.0,456.0,994.0,288.3099209528795,119.0,397.1388103216204,791.0
0.0,208.3361164762811,516.0,994.0,704.0,708.0,0.0,149.0,0.0,671.0
1.0,0.0,245.0,21.0,412.0,51.0,211.2762480470895,809.0,647.1687657408185,963.0
1.0,430.9713518638585,996.0,309.0,811.0,344.0,335.4504569323025,4.0,0.0,419.0
2.0,442.2303228297326,952.0,661.0,686.0,202.0,611.2340130573712,586.0,782.3090413607752,840.0
0.0,0.0,662.0,794.0,876.0,301.0,0.0,17.0,514.8407490375198,670.0
1.0,425.894159627659,840.0,321.0,905.0,712.0,0.0,561.0,137.50632081656056,538.0
1.0,285.5941996378933,938.0,423.0,612.0,371.0,54.63859057922227,816.0,0.0,970.0
0.0,588.7910798520682,879.0,951.0,454.0,920.0,240.78291302488498,660.0,0.0,74.0
1.0,593.4910267598013,879.0,539.0,990.0,511.0,594.7630357249584,832.0,163.94775358226264,336.0
0.0,977.1697958653913,563.0,634.0,428.0,665.0,734.8177407079858,312.0,0.0,12.0
1.0,257.36550652454645,287.0,201.0,162.0,75.0,473.5407843408568,983.0,485.9889393662383,657.0
2.0,474.9167170875729,528.0,550.0,417.0,364.0,590.9745022463399,842.0,882.3666876757657,665.0
0.0,558.5657606286833,60.0,363.0,500.0,593.0,162.54807166360737,484.0,200.59701606640735,896.0
0.0,0.0,812.0,165.0,410.0,603.0,19.059584872245914,218.0,185.0169044671712,791.0
0.0,0.0,990.0,134.0,707.0,479.0,0.0,263.0,0.0,220.0
2.0,119.9926971117662,847.0,121.0,672.0,492.0,705.1077203983666,742.0,234.88480410587772,67.0
2.0,869.1586165348743,999.0,247.0,166.0,586.0,556.1869988701144,65.0,500.8427707116731,644.0
1.0,174.3063340538464,755.0,675.0,498.0,353.0,0.06991865184786741,975.0,269.27354794935087,456.0
0.0,642.3172779197079,465.0,889.0,36.0,861.0,425.99943397162104,753.0,169.098359650914,677.0
1.0,195.40100911341682,694.0,566.0,79.0,161.0,214.28154814629514,662.0,588.9325856872235,709.0
2.0,754.3118316992237,150.0,299.0,891.0,718.0,762.5892089969535,555.0,506.50229859797224,123.0
0.0,168.98086066034136,977.0,546.0,210.0,923.0,0.0,280.0,299.62068013198615,237.0
1.0,0.0,349.0,953.0,202.0,975.0,0.0,880.0,200.57157882425292,831.0
1.0,504.7254324309157,258.0,502.0,928.0,467.0,331.75586072459464,219.0,364.8810426373719,183.0
0.0,176.43722641621864,362.0,681.0,892.0,497.0,750.7545119567603,415.0,349.55805044363814,894.0
2.0,662.0185150416646,124.0,918.0,11.0,327.0,71.53742280587872,691.0,1000.0,258.0
1.0,0.0,339.0,327.0,317.0,9.0,43.11868446987767,707.0,236.9386040868785,901.0
0.0,160.2333320003876,208.0,168.0,61.0,955.0,0.0,91.0,288.9411479812752,927.0
1.0,194.70978834216697,937.0,931.0,757.0,748.0,401.4487119698872,470.0,187.68128396191761,875.0
0.0,479.1062052009087,388.0,824.0,226.0,569.0,0.0,768.0,0.0,78.0
2.0,528.552702435438,569.0,162.0,279.0,546.0,811.757669911562,948.0,904.9206792656171,439.0
0.0,322.2689297316036,421.0,117.0,944.0,691.0,417.90961363445825,80.0,489.68148065267474,986.0
0.0,0.0,849.0,512.0,320.0,974.0,75.62646114231198,911.0,32.23388590534993,707.0
2.0,217.80638083161807,62.0,585.0,861.0,707.0,770.535964297686,197.0,56.52842677104659,847.0
0.0,0.0,132.0,51.0,342.0,489.0,0.0,736.0,185.1909294644393,217.0
0.0,0.0,217.0,333.0,467.0,790.0,0.0,735.0,0.0,324.0
1.0,336.22007332891434,614.0,705.0,308.0,826.0,893.7484207972016,603.0,56.942724312124994,394.0
1.0,342.90677087252845,842.0,556.0,414.0,90.0,140.13215668532848,645.0,193.46265293918148,817.0
2.0,718.0005451666539,588.0,789.0,53.0,96.0,668.8843446661849,521.0,838.777377936411,797.0
2.0,298.8125482117971,946.0,677.0,44.0,36.0,349.62935610328844,556.0,892.9958968452705,871.0
2.0,358.49359201398073,169.0,587.0,554.0,149.0,1000.0,189.0,439.18528284584886,47.0
2.0,734.1625652972122,303.0,553.0,840.0,85.0,343.3481141973462,341.0,437.61939680095344,823.0
0.0,0.0,452.0,19.0,504.0,351.0,0.0,886.0,90.09221479751234,319.0
1.0,0.0,360.0,754.0,843.0,283.0,186.23865771410448,967.0,200.49876463086213,532.0
2.0,450.3829758733488,616.0,328.0,81.0,456.0,300.1767148200795,945.0,1000.0,634.0
1.0,574.9139848869639,845.0,227.0,754.0,575.0,189.20375092955484,71.0,39.73398650651046,12.0
2.0,394.3640821217615,314.0,161.0,756.0,305.0,581.4650715648885,587.0,611.7429623715491,707.0
0.0,0.0,429.0,183.0,646.0,748.0,127.01244043375266,133.0,337.20097514039674,147.0
1.0,232.9628822840344,245.0,110.0,751.0,588.0,0.0,189.0,182.96611787875733,751.0
0.0,0.0,655.0,935.0,592.0,333.0,264.8893807844197,910.0,0.0,216.0
1.0,576.7371377484266,438.0,587.0,672.0,483.0,247.33476814855524,244.0,369.11248635086025,56.0
0.0,0.0,24.0,13.0,665.0,711.0,323.7210540165304,907.0,224.29686276448797,89.0
0.0,197.5508740351259,251.0,436.0,14.0,787.0,149.91593771580645,390.0,0.0,11.0
2.0,463.30496882025074,495.0,68.0,597.0,978.0,212.81146814228268,71.0,336.29395330360364,33.0
2.0,711.3685039217233,487.0,950.0,429.0,906.0,303.2530773492854,877.0,706.7039509601658,560.0
0.0,0.0,481.0,100.0,84.0,544.0,7.058121108769389,708.0,0.0,55.0
0.0,23.848134026020162,566.0,261.0,130.0,995.0,402.4723194583403,599.0,568.8109002195818,764.0
1.0,555.1456667820659,509.0,0.0,808.0,624.0,0.0,863.0,428.12444380304356,106.0
1.0,0.0,596.0,639.0,995.0,635.0,285.15852481251557,115.0,153.79487890242459,905.0
0.0,0.0,735.0,731.0,962.0,762.0,222.7669144660256,53.0,133.137346913981,585.0
1.0,267.5507549793974,176.0,323.0,930.0,900.0,459.76962431832993,891.0,354.5306924423769,283.0
2.0,297.49545615491235,365.0,899.0,91.0,474.0,237.13666992854843,732.0,694.4611501595738,909.0
1.0,239.68947029105425,692.0,872.0,220.0,596.0,0.0,833.0,386.4605723738515,131.0
2.0,618.6357893356571,412.0,46.0,250.0,663.0,543.0571840185593,572.0,584.5852210328413,269.0
0.0,0.0,648.0,571.0,645.0,25.0,105.68303896266876,124.0,763.4623609487638,150.0
1.0,707.1190057855688,299.0,438.0,681.0,393.0,35.46617323123966,784.0,735.4978437201933,53.0
2.0,1000.0,852.0,26.0,492.0,415.0,154.48479591625426,749.0,733.0057668457788,862.0
2.0,35.41089635853075,752.0,991.0,655.0,917.0,21.256409216768255,947.0,411.266916484706,841.0
0.0,0.0,221.0,514.0,351.0,270.0,0.0,391.0,0.0,899.0
0.0,209.6420300261815,738.0,485.0,808.0,535.0,0.0,970.0,66.99078155559926,766.0
2.0,407.7438455696078,731.0,334.0,582.0,20.0,1000.0,570.0,695.5088466885982,267.0
2.0,732.6572309947408,773.0,356.0,740.0,541.0,36.60112998315836,892.0,694.2279024532957,695.0
0.0,179.24777068707104,297.0,146.0,987.0,856.0,111.40903447312166,440.0,0.0,137.0
1.0,138.98254990206007,423.0,634.0,288.0,62.0,95.87913379654685,496.0,153.43452479344734,584.0
1.0,292.57432010769975,832.0,886.0,329.0,30.0,401.1302020844974,743.0,5.955907935950462,513.0
1.0,0.0,261.0,331.0,835.0,866.0,147.53862529210852,138.0,0.0,273.0
0.0,193.85317268787406,699.0,532.0,830.0,789.0,403.91291462809545,200.0,0.0,984.0
1.0,354.26549341554363,184.0,463.0,720.0,452.0,183.17832783355243,68.0,0.0,17.0
0.0,174.763446184206,756.0,438.0,411.0,283.0,131.13189027064112,242.0,0.0,924.0
2.0,772.4386739864377,335.0,107.0,702.0,800.0,250.56694513299124,783.0,407.38187908908236,99.0
0.0,0.0,386.0,941.0,225.0,350.0,0.0,621.0,0.0,945.0
0.0,46.371495641269185,210.0,197.0,176.0,861.0,40.09209549131398,779.0,335.9652391830352,123.0
1.0,437.5149030326788,578.0,319.0,664.0,356.0,263.50515485315,915.0,311.676006894308,663.0
1.0,264.2398998582186,784.0,694.0,464.0,382.0,485.70640326961365,879.0,580.5961154546861,85.0
2.0,598.0633574006747,741.0,430.0,102.0,987.0,515.3354137065216,250.0,539.2838264530365,348.0
1.0,603.4148090401887,807.0,881.0,784.0,906.0,203.95199933940333,703.0,232.48797756250352,199.0
1.0,0.0,901.0,590.0,14.0,554.0,321.14492629247303,960.0,29.452224229419652,663.0
2.0,200.85737946312486,154.0,719.0,17.0,419.0,208.83871728133408,998.0,0.0,718.0
2.0,687.183108522587,732.0,150.0,68.0,164.0,241.0237943595914,587.0,523.4043797124947,227.0
2.0,608.7954159127354,456.0,914.0,95.0,98.0,706.8272099634775,32.0,427.01425021292664,725.0
0.0,470.6733185756023,446.0,516.0,724.0,897.0,0.0,311.0,0.0,337.0
0.0,0.0,820.0,953.0,900.0,39.0,0.0,405.0,163.31954576947948,818.0
0.0,0.0,216.0,349.0,45.0,749.0,0.0,89.0,0.0,304.0
2.0,979.3788062965347,840.0,212.0,498.0,195.0,114.21003669468806,892.0,519.9372936683029,391.0
2.0,753.9641171244563,251.0,900.0,523.0,885.0,0.0,24.0,652.0490020283607,884.0
2.0,761.6464892696692,519.0,586.0,205.0,268.0,856.6264590981634,866.0,0.0,406.0
0.0,0.0,662.0,76.0,330.0,166.0,0.0,312.0,0.0,547.0
1.0,394.1875914123434,218.0,380.0,47.0,354.0,192.5965901787526,710.0,0.0,213.0
1.0,155.64546223578853,369.0,363.0,928.0,25.0,98.67177518407513,194.0,0.0,732.0
2.0,369.63105152262256,51.0,404.0,150.0,86.0,873.7547607345876,798.0,96.15448147245951,556.0
1.0,0.0,652.0,970.0,479.0,192.0,576.9465053926116,664.0,335.97590396274785,261.0
0.0,15.690544200019191,203.0,819.0,972.0,305.0,0.0,580.0,63.343639898306186,933.0
0.0,65.5967731023523,526.0,615.0,843.0,39.0,37.188176942581265,94.0,0.1793686134510376,424.0
1.0,95.65572703931468,433.0,9.0,565.0,391.0,263.873904831532,472.0,0.0,465.0
2.0,835.9171291622491,674.0,426.0,923.0,788.0,961.4503370333492,952.0,152.13072341757535,136.0
0.0,0.0,659.0,133.0,165.0,270.0,87.20108121043128,286.0,0.0,943.0
1.0,522.9975322297531,295.0,492.0,112.0,816.0,667.6126622750562,803.0,422.44485633482736,527.0
2.0,360.31571769900063,330.0,822.0,232.0,280.0,487.8503056066718,722.0,1000.0,353.0
0.0,197.74734849177491,117.0,460.0,535.0,815.0,0.0,539.0,33.753442181040604,268.0
1.0,312.56948718904704,835.0,595.0,281.0,18.0,160.7452577756217,453.0,322.01932673821756,630.0
1.0,41.228349594881955,562.0,242.0,69.0,355.0,274.1138191101023,606.0,509.50187638859586,614.0
2.0,338.68427861103146,831.0,772.0,800.0,400.0,392.2881196757109,108.0,662.1689027345531,443.0
0.0,0.0,126.0,498.0,811.0,640.0,214.97363036108703,23.0,46.45128317598814,175.0
2.0,576.1914599912069,347.0,760.0,985.0,209.0,701.2463736419269,625.0,245.16634274465216,937.0
2.0,811.2193914868286,103.0,182.0,9.0,814.0,814.5514072054933,950.0,314.87391589803804,397.0
2.0,759.5079481282484,568.0,610.0,564.0,92.0,736.4188493094207,311.0,156.09067404378766,475.0
0.0,394.71191536872385,749.0,368.0,145.0,212.0,385.814978775728,392.0,142.85177763948718,701.0
1.0,304.80601055854476,303.0,920.0,444.0,679.0,537.2303847181446,23.0,447.96296479257086,300.0
2.0,613.4804636256699,888.0,305.0,172.0,147.0,534.2189264304789,207.0,14.024498703619798,620.0
1.0,0.0,483.0,573.0,684.0,960.0,87.70263297495154,769.0,288.90420104741156,26.0
1.0,104.17459999660943,51.0,609.0,887.0,980.0,0.0,159.0,69.76687563946922,328.0
2.0,490.94308856489715,286.0,217.0,957.0,954.0,1000.0,537.0,166.2405962093169,822.0
0.0,623.8696308002924,46.0,978.0,622.0,232.0,104.60193963009334,905.0,817.696649535087,864.0
1.0,0.0,384.0,645.0,668.0,38.0,0.0,202.0,154.2922104423915,164.0
0.0,876.6826871476029,977.0,207.0,953.0,958.0,0.0,294.0,0.0,250.0
1.0,0.0,436.0,855.0,923.0,844.0,411.92735532507095,840.0,650.8740992970171,289.0
2.0,116.72886917351542,522.0,651.0,473.0,553.0,526.1588837920315,360.0,584.1370509849046,279.0
0.0,110.20719539571135,407.0,276.0,459.0,62.0,0.0,713.0,289.4863512733552,215.0
1.0,32.63200190180828,587.0,288.0,987.0,353.0,807.2119557903502,731.0,0.0,622.0
1.0,476.096649296379,131.0,669.0,252.0,755.0,566.0104257817513,63.0,257.2983073595115,774.0
0.0,0.0,31.0,212.0,648.0,316.0,432.05273707805276,714.0,159.60747094243453,598.0
1.0,346.97570068428485,850.0,720.0,588.0,460.0,194.93415471473574,38.0,394.23991873272246,46.0
1.0,295.62683370442835,180.0,865.0,410.0,176.0,253.1165438470118,933.0,580.4816736299991,914.0
1.0,0.0,90.0,306.0,402.0,787.0,0.0,879.0,164.60734710784962,934.0
2.0,485.35996417792217,496.0,710.0,321.0,397.0,946.0343919574607,569.0,486.8992452516384,135.0
2.0,467.9647434437899,683.0,154.0,913.0,102.0,840.8687866686047,744.0,330.10155181549453,310.0
2.0,533.5423297717626,690.0,927.0,25.0,494.0,756.8703665859837,60.0,333.18215460014414,163.0
0.0,101.993417996832,751.0,570.0,283.0,785.0,0.0,587.0,0.0,35.0
0.0,0.0,458.0,753.0,550.0,970.0,0.0,993.0,184.08107045367268,905.0
0.0,0.0,90.0,670.0,555.0,46.0,0.0,601.0,0.0,586.0
2.0,0.0,188.0,891.0,48.0,92.0,662.5960971550977,546.0,339.1472932013486,179.0
1.0,145.78238524194498,654.0,244.0,632.0,202.0,205.47802450521445,383.0,426.7456658263279,585.0
0.0,378.5037121863407,331.0,412.0,234.0,454.0,0.0,256.0,0.0,69.0
1.0,316.55573124445203,591.0,103.0,658.0,181.0,0.0,678.0,280.83722181540844,545.0
1.0,0.0,28.0,178.0,310.0,408.0,264.5867894087135,167.0,151.4627523760478,540.0
2.0,687.504659539991,67.0,144.0,590.0,65.0,646.6899571286983,838.0,383.73775411684187,375.0
1.0,405.48557794409464,80.0,573.0,225.0,298.0,955.1043476282902,584.0,114.02185832016329,570.0
1.0,59.71511957775289,190.0,739.0,847.0,561.0,822.3819477185873,592.0,113.67631789546904,632.0
0.0,364.9235985914771,464.0,729.0,749.0,34.0,247.19247631746012,650.0,0.0,522.0
2.0,845.5089466340536,257.0,498.0,868.0,756.0,540.25127763134,958.0,408.2584250067604,338.0
1.0,206.77644991699506,695.0,95.0,748.0,966.0,1000.0,300.0,175.3192203661357,865.0
1.0,77.14002233626083,751.0,263.0,932.0,559.0,525.3290444930926,835.0,108.62815037376252,795.0
1.0,0.0,905.0,243.0,254.0,495.0,274.8797696239339,753.0,177.72887480853737,110.0
1.0,470.42476005007416,913.0,60.0,1000.0,338.0,582.1832132682958,98.0,30.62071465476043,858.0
1.0,285.7566683838303,977.0,529.0,775.0,544.0,268.7060015478625,856.0,183.9312504501273,77.0
0.0,0.0,28.0,228.0,851.0,196.0,0.0,956.0,429.0432286125986,127.0
2.0,0.0,122.0,789.0,337.0,829.0,525.0032887051951,603.0,336.4849251987731,619.0
1.0,126.06568907598702,265.0,475.0,129.0,199.0,60.36154508537207,717.0,264.84272089576353,593.0
2.0,577.0466756781169,332.0,282.0,90.0,175.0,1000.0,221.0,743.1580937240684,242.0
1.0,74.72929226138719,943.0,59.0,410.0,142.0,756.8800325189671,749.0,176.9173338293504,630.0
2.0,411.36889415632186,990.0,489.0,414.0,973.0,633.3962390841057,854.0,412.4483810040372,207.0
1.0,294.36718749761434,383.0,303.0,364.0,171.0,512.0473745714828,836.0,333.07128452671964,636.0
2.0,781.9865209177326,770.0,417.0,426.0,60.0,886.9179450110006,443.0,391.8315345660124,531.0
1.0,580.5712234017179,773.0,305.0,993.0,184.0,107.94261029226959,495.0,215.8420590560287,37.0
0.0,0.0,540.0,442.0,317.0,450.0,205.0114460309586,244.0,5.485212753920632,426.0
1.0,203.5286632425807,212.0,70.0,549.0,564.0,780.7965777054958,646.0,0.0,312.0
0.0,659.7407937964709,533.0,661.0,998.0,382.0,0.0,38.0,0.0,568.0
1.0,372.593832326147,478.0,716.0,791.0,198.0,495.34841044257536,502.0,712.1675686666384,89.0
0.0,0.0,718.0,853.0,773.0,973.0,856.2294818505126,386.0,0.0,647.0
2.0,210.2556268791103,600.0,774.0,295.0,599.0,777.0662887776359,278.0,855.7235754394246,336.0
0.0,0.0,251.0,600.0,293.0,66.0,0.0,575.0,461.22855427330546,821.0
1.0,591.9617123781547,616.0,67.0,32.0,994.0,427.3854672910746,391.0,427.44039426063637,368.0
0.0,23.48044203293696,347.0,216.0,606.0,115.0,301.05824162393503,989.0,42.247314475712415,369.0
0.0,0.0,379.0,282.0,969.0,414.0,69.17602353300875,560.0,323.37511419868855,253.0
2.0,898.0659091005989,584.0,770.0,609.0,188.0,787.6532771815645,802.0,0.0,441.0
2.0,637.6352746697229,613.0,729.0,464.0,299.0,1000.0,785.0,741.6623723497353,729.0
1.0,438.39261127260835,886.0,348.0,945.0,192.0,400.63382453874675,679.0,366.41351564561796,369.0
0.0,0.0,192.0,76.0,755.0,755.0,1.5002251852159147,400.0,0.0,228.0
2.0,758.143272672264,698.0,438.0,617.0,458.0,724.5285479180058,301.0,835.1932103475227,253.0
2.0,284.6601314614702,112.0,846.0,105.0,155.0,920.6922281021111,834.0,351.1683153636499,389.0
1.0,518.5144058300054,716.0,271.0,320.0,905.0,577.212720520777,507.0,155.6252082512531,514.0
2.0,656.8507609144988,610.0,365.0,481.0,913.0,437.4620617390976,676.0,838.6403709518546,476.0
0.0,41.82252785621304,562.0,669.0,646.0,269.0,52.23779058497298,442.0,167.77045588274308,76.0
0.0,228.14419641096882,939.0,629.0,385.0,228.0,1000.0,271.0,473.79491432036747,786.0
2.0,487.84569535457723,984.0,505.0,20.0,818.0,834.0619922065637,909.0,898.919144957623,472.0
1.0,628.5468046425294,184.0,778.0,488.0,529.0,403.6807331883238,280.0,556.2188341181601,602.0
1.0,204.39639611900608,743.0,39.0,464.0,235.0,737.1344092890794,595.0,167.23299017694208,791.0
0.0,0.0,160.0,386.0,298.0,410.0,733.1244056317015,79.0,0.0,244.0
0.0,0.0,91.0,310.0,785.0,71.0,132.12296705286815,602.0,0.0,77.0
2.0,184.82021716440104,723.0,190.0,511.0,293.0,750.7666075832957,264.0,675.5844804285413,386.0
0.0,0.0,2.0,802.0,901.0,332.0,75.00108623773285,180.0,308.0811961571251,38.0
2.0,627.1832434455473,164.0,812.0,126.0,629.0,358.9138818563642,687.0,438.31041918215794,618.0
2.0,866.5010061185116,536.0,500.0,662.0,526.0,636.8361434353658,437.0,355.98839444823886,547.0
2.0,284.8695296164708,144.0,471.0,202.0,867.0,617.2784570114077,881.0,495.4596312604122,613.0
1.0,100.5121031852519,764.0,0.0,104.0,867.0,416.30103846518034,545.0,81.7277169158837,45.0
1.0,627.7352359855768,299.0,896.0,966.0,49.0,0.0,895.0,561.5257858732444,805.0
0.0,233.5652782994825,778.0,409.0,222.0,264.0,791.3216712391652,357.0,68.95774180506798,674.0
1.0,129.8463001125831,460.0,58.0,838.0,93.0,358.6561251097128,20.0,710.0916523351289,457.0
1.0,395.43385134537203,737.0,464.0,194.0,184.0,673.9722305572919,157.0,3.588265925827865,668.0
2.0,522.8166491376361,61.0,483.0,512.0,447.0,815.0870261979951,404.0,332.53821699425913,123.0
0.0,0.0,384.0,694.0,915.0,956.0,448.80214697336584,255.0,93.37699539928387,916.0
2.0,696.1411884489315,944.0,730.0,869.0,568.0,411.2511917365928,959.0,552.6447732717628,489.0
2.0,670.4505199947732,717.0,691.0,935.0,656.0,943.5325613470715,22.0,158.25260617419931,635.0
2.0,579.5112897244088,555.0,576.0,181.0,351.0,511.12719497236856,221.0,643.7156447068131,721.0
0.0,73.4227764094506,783.0,949.0,881.0,249.0,0.0,70.0,0.0,292.0
1.0,433.468723631046,481.0,349.0,553.0,965.0,718.4072876449782,145.0,250.66730438844363,537.0
2.0,16.765569255424353,99.0,410.0,552.0,143.0,833.2858458357368,195.0,1000.0,225.0
2.0,411.16566744126226,884.0,115.0,990.0,110.0,454.4024760780043,984.0,351.5139033517852,484.0
0.0,0.0,175.0,571.0,840.0,40.0,0.0,589.0,0.0,422.0
2.0,301.3372423598189,595.0,191.0,721.0,169.0,574.9024459437353,99.0,455.6164578891536,899.0
1.0,45.316130336353474,427.0,877.0,120.0,803.0,261.06799500255374,748.0,179.64198571016226,805.0
1.0,0.0,637.0,655.0,245.0,217.0,508.5022888342342,478.0,0.0,307.0
0.0,0.0,62.0,589.0,136.0,434.0,82.76654036117628,336.0,0.0,981.0
1.0,146.2326712025703,759.0,23.0,538.0,706.0,712.8270975793937,53.0,250.93371083694691,728.0
1.0,412.9673761967524,77.0,968.0,477.0,582.0,296.2886421962457,908.0,330.82950015348734,389.0
0.0,0.0,31.0,973.0,556.0,334.0,187.92344038582624,447.0,17.138126957039137,689.0
2.0,618.8482257304877,864.0,408.0,642.0,160.0,711.2241709921999,646.0,273.7012877868966,830.0
2.0,1000.0,607.0,401.0,438.0,908.0,1000.0,531.0,281.3750667557216,333.0
2.0,571.9169956372014,360.0,626.0,104.0,396.0,987.0228914303449,757.0,304.7934591760077,624.0
1.0,0.0,206.0,885.0,84.0,620.0,86.17541378150723,713.0,6.186390721541175,17.0
0.0,0.0,186.0,195.0,882.0,371.0,77.92392346248393,270.0,0.0,205.0
2.0,481.931714651867,316.0,576.0,582.0,273.0,340.0641896941559,452.0,19.370313960897697,561.0
0.0,0.0,129.0,28.0,818.0,977.0,288.02207048133556,441.0,0.0,68.0
0.0,0.0,834.0,906.0,792.0,857.0,95.91598026450485,917.0,346.9366950894284,728.0
0.0,0.0,665.0,88.0,346.0,661.0,0.0,367.0,0.0,86.0
2.0,0.0,483.0,464.0,939.0,338.0,667.0723263227425,721.0,247.93643050975024,758.0
2.0,862.0684109017628,266.0,546.0,537.0,236.0,99.48191520224754,290.0,771.8353997038371,476.0
0.0,204.13557446047503,636.0,745.0,340.0,290.0,134.27876532102357,520.0,116.63378704940989,141.0
0.0,0.0,989.0,433.0,717.0,865.0,128.51781220293586,1.0,154.9079325617284,608.0
1.0,478.7778922765306,879.0,794.0,767.0,313.0,287.9992409014996,760.0,179.57858691789104,818.0
1.0,250.81826345321664,761.0,681.0,904.0,235.0,0.0,380.0,373.37393706417123,597.0
2.0,589.4245840044013,406.0,421.0,709.0,335.0,744.2798300640437,859.0,551.7195710695993,292.0
2.0,651.32715818689,495.0,934.0,185.0,832.0,30.996488178756216,635.0,1000.0,630.0
1.0,573.4088958783523,216.0,319.0,251.0,877.0,742.8131011819594,341.0,753.018435911234,277.0
0.0,367.09409455909486,88.0,327.0,258.0,799.0,521.088812638335,669.0,204.03546593505504,761.0
2.0,978.9372925609583,155.0,382.0,109.0,457.0,294.8468054093332,572.0,536.2022502155855,855.0
1.0,209.13485185820875,869.0,1.0,333.0,657.0,102.94328007639093,890.0,617.58628642323,687.0
0.0,0.0,651.0,742.0,117.0,625.0,0.0,454.0,204.85738842655388,512.0
2.0,882.2065185255898,305.0,857.0,891.0,862.0,227.80108278093024,256.0,975.9253022401358,312.0
0.0,0.0,615.0,957.0,275.0,691.0,62.974364880053024,298.0,0.0,894.0
0.0,388.44243428239486,343.0,214.0,566.0,373.0,0.0,831.0,272.41930621277356,307.0
2.0,598.9238040545969,721.0,755.0,789.0,716.0,659.3633095888026,122.0,993.9531898387775,645.0
1.0,0.0,47.0,340.0,619.0,159.0,0.0,952.0,357.6032875660161,481.0
0.0,98.26717868132863,519.0,776.0,67.0,282.0,0.0,378.0,207.05656636828948,789.0
2.0,528.9484880525167,123.0,198.0,26.0,851.0,726.6064218597954,613.0,505.4875799612439,195.0
0.0,485.0751466272847,762.0,546.0,362.0,128.0,130.47246897433288,609.0,119.46454858558337,914.0
0.0,79.51288774039203,1000.0,899.0,455.0,791.0,281.9215631261752,754.0,228.66542764748877,259.0
2.0,1000.0,332.0,188.0,803.0,224.0,270.92846372100274,192.0,378.71492850967053,220.0
2.0,430.51052891874485,568.0,739.0,353.0,62.0,710.2107160980015,269.0,388.7662709326156,707.0
0.0,0.0,554.0,479.0,475.0,17.0,0.0,383.0,516.5989633226402,276.0
0.0,281.54784174353387,14.0,860.0,890.0,831.0,0.0,600.0,164.21782116276225,97.0
0.0,0.0,855.0,946.0,855.0,841.0,0.0,366.0,0.0,981.0
1.0,188.89725329001774,534.0,904.0,829.0,977.0,0.0,926.0,253.51425901664882,543.0
0.0,0.0,563.0,74.0,322.0,397.0,0.0,964.0,0.0,902.0
1.0,399.1891162612034,41.0,41.0,406.0,545.0,718.9263845565047,943.0,283.41465216884006,430.0
0.0,0.0,200.0,574.0,169.0,16.0,312.07035036610654,956.0,274.98598246367317,408.0
2.0,624.8101417729126,827.0,29.0,154.0,33.0,637.0866576388611,756.0,226.99671087577758,533.0
1.0,582.6960258325278,860.0,112.0,46.0,32.0,204.7146920334374,64.0,691.2184794556706,189.0
2.0,618.7650368783129,739.0,777.0,274.0,106.0,741.330167332401,101.0,904.0896396682328,85.0
2.0,348.7438255686671,416.0,420.0,813.0,253.0,457.93444367175283,305.0,208.12875118743605,176.0
1.0,1000.0,124.0,236.0,82.0,136.0,0.0,194.0,124.35021811958974,543.0
0.0,0.0,165.0,12.0,205.0,132.0,0.0,15.0,0.0,576.0
2.0,422.00063333495314,808.0,528.0,426.0,12.0,575.7317338074296,767.0,544.6181591634546,387.0
0.0,0.0,923.0,593.0,439.0,357.0,0.0,402.0,0.0,796.0
0.0,0.0,319.0,615.0,226.0,903.0,76.38330872247506,199.0,0.0,974.0
1.0,295.12666199412496,812.0,849.0,314.0,33.0,503.9934753046629,334.0,0.0,114.0
2.0,0.0,327.0,539.0,479.0,118.0,502.4382880083571,629.0,267.8395495551118,94.0
1.0,368.44793350899624,595.0,706.0,311.0,945.0,0.0,131.0,260.68353338610876,803.0
0.0,0.0,960.0,188.0,801.0,773.0,280.2374118439038,766.0,335.54035107550317,369.0
1.0,371.4302156856595,336.0,970.0,304.0,741.0,0.0,45.0,192.74278011920083,344.0
2.0,542.7456043696162,679.0,56.0,374.0,94.0,297.3980479482292,661.0,731.7609222094892,258.0
2.0,398.40835440920955,536.0,535.0,699.0,253.0,430.92078868222654,886.0,906.0589828202598,126.0
1.0,0.0,847.0,786.0,955.0,691.0,132.22850368986033,430.0,257.4772887077592,0.0
0.0,185.65101842092932,924.0,254.0,756.0,578.0,0.0,787.0,287.3810519681941,205.0
2.0,347.70288832330357,951.0,257.0,438.0,524.0,1000.0,377.0,298.718443244324,100.0
1.0,433.88134612408146,340.0,860.0,805.0,785.0,263.1651349198812,317.0,126.92824435533866,581.0
1.0,414.8432541721197,323.0,55.0,279.0,593.0,56.79750040397317,59.0,10.502668191859065,824.0
1.0,79.44497081886996,711.0,2.0,549.0,337.0,5.390024048023336,699.0,342.02286280885505,985.0
0.0,537.0931621706119,433.0,970.0,804.0,368.0,235.35930178657676,379.0,268.6508632583768,791.0
0.0,96.85825537206331,44.0,14.0,236.0,731.0,267.06879991812826,933.0,162.63906638053857,365.0
2.0,442.96280463048686,182.0,320.0,913.0,718.0,497.98922519088643,709.0,552.4940682251448,92.0
2.0,693.1706133057287,576.0,971.0,515.0,34.0,859.9365628630517,718.0,860.480852362717,1000.0
2.0,851.2156995235194,279.0,816.0,923.0,670.0,0.0,999.0,467.59126306420916,379.0
1.0,0.0,712.0,877.0,452.0,756.0,185.638358850295,15.0,508.0577681871229,898.0
0.0,0.0,171.0,262.0,359.0,311.0,24.172168605573404,586.0,312.093058413594,46.0
1.0,222.64526855316018,407.0,149.0,810.0,540.0,485.7151415705931,448.0,206.09216900903542,950.0
0.0,0.0,92.0,624.0,574.0,903.0,0.0,230.0,0.0,222.0
1.0,381.17845547132765,520.0,881.0,947.0,853.0,669.2953936781149,497.0,51.67510199809561,612.0
0.0,450.47463335996724,242.0,685.0,525.0,657.0,0.0,535.0,0.0,936.0
1.0,0.0,416.0,927.0,775.0,626.0,455.36887142204597,972.0,311.6864813091349,693.0
2.0,267.4346081776474,864.0,526.0,809.0,217.0,1000.0,659.0,381.01469837881154,510.0
0.0,506.51179574738677,295.0,958.0,747.0,475.0,183.74694883662397,332.0,581.2075867455791,411.0
1.0,696.131699273279,880.0,884.0,954.0,881.0,230.04796026483666,904.0,294.08438018246846,136.0
1.0,152.88030106483077,564.0,835.0,428.0,317.0,0.0,288.0,159.05029023097097,513.0
2.0,266.76399006048086,60.0,249.0,504.0,724.0,713.647378864942,535.0,346.06931902944206,793.0
2.0,204.26225307228364,835.0,507.0,697.0,64.0,553.7329157832465,236.0,570.5062326350055,911.0
2.0,520.3404783140688,237.0,591.0,345.0,488.0,0.0,756.0,137.22847184485806,814.0
2.0,389.98794134830325,471.0,334.0,304.0,542.0,307.63274654010166,949.0,799.6272849555129,313.0
2.0,934.590772018555,693.0,470.0,700.0,288.0,207.35728697186414,578.0,768.9740974631769,230.0
2.0,713.8911681084979,456.0,634.0,952.0,493.0,532.456578744769,948.0,514.6925138580966,665.0
1.0,274.90608525585174,555.0,129.0,484.0,260.0,0.0,898.0,256.55223121175806,157.0
1.0,0.0,897.0,208.0,54.0,65.0,130.56796151067317,702.0,536.9379642525643,880.0
0.0,289.22211389678677,537.0,646.0,60.0,912.0,62.66800506446771,692.0,291.58716334325703,859.0
1.0,511.56033342120116,699.0,855.0,619.0,478.0,662.975936661801,989.0,0.0,977.0
2.0,273.29935759917106,329.0,112.0,606.0,139.0,472.2047344443115,371.0,921.4437927380895,359.0
0.0,0.0,158.0,82.0,437.0,980.0,427.1608179184853,393.0,0.0,19.0
2.0,417.6850586986385,130.0,841.0,741.0,675.0,744.7671560607153,445.0,433.712558623732,545.0
2.0,1000.0,828.0,457.0,828.0,974.0,303.2772634498467,334.0,781.5893589208463,490.0
0.0,0.0,270.0,841.0,806.0,897.0,100.65283765709499,493.0,217.58450445383244,970.0
1.0,0.0,831.0,67.0,775.0,269.0,622.808523694537,465.0,0.0,229.0
1.0,41.95383472578631,793.0,564.0,885.0,415.0,31.892271023219926,972.0,0.0,375.0
0.0,170.94336341179684,582.0,573.0,931.0,973.0,0.0,682.0,146.2692787143904,274.0
2.0,475.6221716869176,173.0,736.0,389.0,952.0,171.66304739998614,888.0,99.872356431817,938.0
0.0,0.0,572.0,376.0,5.0,418.0,0.0,107.0,0.0,753.0
2.0,576.9629965375343,131.0,914.0,344.0,400.0,784.943006519042,409.0,741.3277258182393,132.0
2.0,809.7050273241748,986.0,439.0,253.0,342.0,721.6131632259917,297.0,306.4968106257855,226.0
1.0,636.8872356485875,411.0,423.0,583.0,559.0,845.4624482538885,610.0,228.8810924031259,86.0
1.0,0.0,325.0,778.0,162.0,889.0,165.84766138097515,387.0,225.2704122503847,336.0
2.0,524.4733941567858,80.0,297.0,621.0,690.0,788.0492892215966,286.0,808.946287867586,361.0
0.0,279.0475756028362,9.0,7.0,83.0,897.0,179.84555371710093,405.0,120.70543685823768,204.0
0.0,0.0,716.0,666.0,160.0,78.0,42.526372923504425,302.0,214.66124153402666,895.0
0.0,0.0,334.0,203.0,434.0,170.0,0.0,984.0,166.2700521527543,79.0
2.0,354.45109405187736,940.0,134.0,659.0,39.0,420.37861443367456,337.0,708.3465783456832,985.0
0.0,529.6430458184984,568.0,62.0,799.0,909.0,231.98190666022754,547.0,0.0,656.0
2.0,698.121533323766,302.0,925.0,316.0,188.0,843.6324825422224,725.0,0.0,290.0
2.0,722.7383467265992,409.0,797.0,617.0,369.0,231.82744611447072,980.0,87.6361843801783,408.0
2.0,1000.0,898.0,280.0,890.0,518.0,553.9951569150231,661.0,529.1252001309618,360.0
1.0,225.2988529631792,823.0,804.0,832.0,631.0,604.1119757902451,288.0,192.998578077406,922.0
2.0,743.6840401601337,858.0,976.0,392.0,728.0,630.0272947689734,996.0,0.0,452.0
2.0,688.8115327731455,445.0,124.0,436.0,996.0,363.46383386727075,838.0,433.7976418388409,443.0
1.0,192.6462338753312,0.0,265.0,417.0,509.0,291.6268410070479,485.0,807.6909555387781,730.0
2.0,310.6635836602938,675.0,395.0,580.0,674.0,353.95667887113956,572.0,768.6236495255049,143.0
1.0,687.5068264404017,926.0,62.0,947.0,919.0,448.23771689107423,222.0,131.19845538626538,511.0
1.0,230.18340242345243,133.0,520.0,678.0,338.0,19.9978542965713,59.0,110.4746232830348,641.0
1.0,682.8880321612405,694.0,352.0,672.0,258.0,29.276849138810526,652.0,562.1789883484539,113.0
1.0,616.2445306118366,421.0,399.0,139.0,509.0,164.70954742138665,421.0,95.89662274078589,533.0
1.0,37.12083488592854,291.0,745.0,25.0,997.0,571.4729052874773,193.0,480.7192548847777,267.0
2.0,756.4583320812571,7.0,984.0,506.0,207.0,585.73415214005,69.0,0.0,727.0
1.0,382.8592256598326,735.0,746.0,913.0,439.0,0.0,70.0,172.81958632757906,724.0
0.0,393.64092275030924,376.0,112.0,75.0,684.0,0.0,467.0,0.0,107.0
2.0,381.032103105989,730.0,212.0,814.0,298.0,483.4648076967682,992.0,415.2615017023079,208.0
1.0,150.67165077038845,273.0,780.0,333.0,227.0,253.39802258795737,995.0,406.8054082614799,984.0
1.0,161.21904555795564,515.0,702.0,725.0,716.0,580.5995686872177,603.0,176.4071549502567,131.0
0.0,104.84547357240396,245.0,698.0,284.0,15.0,125.21256891271865,628.0,0.0,762.0
0.0,0.0,310.0,986.0,265.0,695.0,0.0,957.0,243.14763387612533,475.0
1.0,105.68882737144715,379.0,84.0,100.0,219.0,191.08232811024524,232.0,546.3219947738748,72.0
1.0,0.0,602.0,1.0,48.0,380.0,235.5948512451229,584.0,357.1378971965204,638.0
0.0,0.0,267.0,656.0,187.0,81.0,104.02549676871969,524.0,194.4161624731324,353.0
0.0,360.7792743658784,425.0,749.0,251.0,461.0,48.56497941727008,625.0,0.0,285.0
1.0,733.7237397095541,71.0,363.0,265.0,975.0,0.0,172.0,172.61063224096782,16.0
0.0,586.089636224854,521.0,909.0,576.0,848.0,232.77238923987727,582.0,125.12760177754957,712.0
0.0,0.0,942.0,833.0,897.0,32.0,255.23607649832854,421.0,0.0,364.0
1.0,39.047703057298605,879.0,712.0,965.0,837.0,174.9047440326213,904.0,0.0,815.0
0.0,367.72012196165724,486.0,589.0,979.0,892.0,0.0,89.0,0.0,293.0
0.0,0.0,567.0,484.0,619.0,593.0,147.22908490350258,702.0,0.0,919.0
1.0,366.90986382467145,559.0,429.0,931.0,858.0,397.7106011447788,921.0,0.0,126.0
0.0,0.0,132.0,814.0,581.0,624.0,0.0,829.0,0.0,480.0
2.0,227.47961123696084,988.0,953.0,998.0,61.0,875.9084789372164,127.0,627.5967009983215,250.0
2.0,805.1779417286376,543.0,919.0,327.0,743.0,708.1443874398036,807.0,439.06898363250076,565.0
0.0,281.9120932613731,986.0,909.0,917.0,471.0,0.0,509.0,0.0,470.0
2.0,490.1726923340464,952.0,558.0,907.0,632.0,692.314667986239,246.0,0.0,943.0
0.0,665.4572138553724,39.0,45.0,549.0,276.0,0.0,476.0,297.6338177493944,474.0
2.0,437.91858373747954,834.0,574.0,19.0,84.0,687.233563815247,565.0,559.8276125964205,152.0
1.0,0.0,856.0,490.0,147.0,923.0,38.35868155969841,123.0,106.32774105127126,374.0
2.0,318.7946363613843,694.0,643.0,892.0,588.0,1000.0,582.0,660.3026523319422,262.0
1.0,20.492746434358846,912.0,536.0,737.0,962.0,407.82904589855787,411.0,71.18938601723039,773.0
2.0,1000.0,581.0,903.0,960.0,813.0,976.8636139687246,635.0,459.02931074107875,749.0
2.0,98.4628016343145,960.0,466.0,554.0,596.0,589.1136411820037,105.0,136.30873952149736,55.0
1.0,641.2105117730749,95.0,248.0,61.0,544.0,0.0,119.0,307.8546474755436,766.0
1.0,399.68665576539945,77.0,385.0,802.0,784.0,287.9071935983054,936.0,0.0,597.0
2.0,468.5052081654975,218.0,886.0,259.0,870.0,743.9036874249159,124.0,619.0779710564142,39.0
2.0,243.14872810876085,385.0,455.0,417.0,564.0,850.6347343071284,623.0,692.6076590621517,654.0
2.0,0.0,499.0,30.0,348.0,943.0,411.80641811277803,319.0,166.7716297287601,265.0
1.0,135.62501121089068,269.0,76.0,291.0,192.0,239.35968546508485,974.0,36.225999532770594,506.0
2.0,575.0159539997522,139.0,663.0,312.0,269.0,985.6864486663951,806.0,493.3368373171562,683.0
1.0,71.02097587754353,599.0,683.0,431.0,257.0,852.9866185173282,672.0,422.1140871857673,783.0
1.0,107.32630335198773,774.0,357.0,299.0,948.0,286.620591807439,817.0,295.16920135300677,363.0
0.0,174.85171676294928,922.0,911.0,132.0,405.0,0.0,410.0,0.0,375.0
2.0,759.3285691826475,796.0,655.0,618.0,89.0,442.1350568098268,724.0,632.1762191926287,494.0
0.0,0.0,850.0,602.0,725.0,368.0,465.9306516964252,3.0,0.0,550.0
0.0,571.2393795972182,782.0,790.0,568.0,283.0,0.0,535.0,374.3321846860618,92.0
2.0,272.1877312786153,701.0,316.0,668.0,36.0,794.232431678626,593.0,756.2183676833665,462.0
1.0,1000.0,284.0,654.0,426.0,254.0,101.52502896110374,829.0,279.83442184342084,130.0
0.0,0.0,175.0,297.0,764.0,44.0,228.21447906316823,481.0,0.0,787.0
2.0,833.5672839886125,651.0,339.0,80.0,846.0,636.5302470714659,780.0,795.4072890420359,70.0
1.0,336.5190936711123,79.0,613.0,234.0,903.0,542.6794832592316,59.0,223.73077675114413,916.0
0.0,415.1872901898953,616.0,592.0,805.0,407.0,0.0,350.0,55.76976525792331,285.0
0.0,0.0,42.0,155.0,314.0,700.0,0.0,184.0,0.0,678.0
0.0,0.0,295.0,475.0,999.0,539.0,0.0,594.0,107.74097588587951,994.0
2.0,611.690678583123,391.0,616.0,192.0,404.0,978.38942384262,306.0,112.07150562794519,152.0
0.0,211.36593021643586,676.0,54.0,569.0,0.0,487.8379730519745,424.0,25.124625232220094,86.0
1.0,329.6375633348644,45.0,999.0,54.0,896.0,243.89677652985324,370.0,166.48431559915062,751.0
1.0,777.4942992974549,114.0,145.0,631.0,213.0,598.4728809654496,576.0,421.83612614051896,676.0
0.0,131.25569258486806,867.0,877.0,19.0,355.0,0.0,73.0,0.0,45.0
1.0,189.4976250836031,386.0,15.0,160.0,512.0,714.3028553961427,132.0,343.06986087269075,435.0
0.0,228.19868284997628,185.0,765.0,759.0,179.0,0.0,349.0,504.82831819221957,757.0
1.0,397.66211210425945,233.0,117.0,165.0,575.0,289.1092099962916,359.0,381.3765612802535,677.0
1.0,71.51847532475406,924.0,366.0,631.0,159.0,115.71580444874266,514.0,317.426055240186,854.0
1.0,0.0,104.0,228.0,918.0,642.0,141.56075645871934,342.0,565.2566507053463,549.0
2.0,111.22510934357082,866.0,600.0,897.0,147.0,868.7152156287129,151.0,195.7347894013835,165.0
0.0,0.0,432.0,610.0,730.0,376.0,375.23801067755284,160.0,0.0,222.0
2.0,604.1004135407404,787.0,442.0,551.0,459.0,440.77774064116744,446.0,32.2808191555545,308.0
0.0,349.4336617091681,738.0,7.0,964.0,474.0,249.22710600218656,334.0,0.0,345.0
1.0,155.46556068270587,84.0,443.0,639.0,164.0,214.03924710088793,754.0,0.0,579.0
2.0,559.1504439610803,125.0,521.0,642.0,453.0,596.0850640172436,190.0,990.2300092384228,149.0
2.0,335.9662338900985,160.0,703.0,541.0,372.0,393.4324737481833,757.0,791.6337415956303,819.0
1.0,397.29188417142035,995.0,628.0,945.0,852.0,0.0,46.0,311.75362058676774,6.0
2.0,448.44949930028736,354.0,800.0,497.0,268.0,771.8502429312028,959.0,199.88218358224802,920.0
1.0,95.3126246909166,838.0,598.0,847.0,958.0,531.4530930068485,799.0,0.0,299.0
0.0,0.0,613.0,175.0,134.0,609.0,0.0,354.0,117.79362155559737,589.0
1.0,414.19849520161733,647.0,241.0,770.0,294.0,282.67956763808127,355.0,248.60399204757766,872.0
2.0,909.7457837713976,664.0,500.0,480.0,472.0,585.7626104270137,381.0,578.8534078021431,863.0
0.0,1.1175678969953131,323.0,167.0,737.0,75.0,0.0,224.0,594.2142905160143,193.0
2.0,869.7305183410506,238.0,345.0,465.0,951.0,442.3523382044171,188.0,306.8603563736179,187.0
2.0,703.9994671185686,827.0,482.0,706.0,436.0,1000.0,497.0,601.96849343166,34.0
0.0,7.177212214514369,833.0,440.0,922.0,273.0,281.3201570700349,970.0,0.0,792.0
0.0,0.0,991.0,802.0,658.0,774.0,207.5570703628519,172.0,0.0,341.0
2.0,797.7972148558744,493.0,136.0,235.0,627.0,146.86561890580916,285.0,48.60443391929049,213.0
2.0,315.64761189891675,813.0,868.0,978.0,270.0,726.1910447635016,78.0,921.6432101150157,902.0
0.0,0.0,730.0,628.0,503.0,559.0,0.0,136.0,198.69123465374426,774.0
0.0,65.08831061868236,607.0,245.0,131.0,149.0,324.6541465649965,993.0,709.6998389126417,566.0
1.0,0.0,407.0,492.0,114.0,406.0,199.73773793006868,423.0,195.68263429380025,864.0
1.0,690.1150780467882,522.0,216.0,830.0,173.0,520.2893343244228,913.0,169.31973928083158,694.0
1.0,462.12769835400405,865.0,275.0,392.0,397.0,0.0,361.0,222.5978475337477,761.0
1.0,242.50468055746154,625.0,474.0,964.0,697.0,0.0,262.0,819.0798852279635,407.0
1.0,67.90773125585105,360.0,235.0,9.0,195.0,612.6982861023777,123.0,494.0447053345587,173.0
1.0,202.60662719191518,885.0,471.0,91.0,920.0,351.0062762842818,303.0,209.78883667317805,611.0
0.0,439.12882701772395,240.0,774.0,932.0,374.0,301.9237081374948,180.0,104.27483579118446,396.0
0.0,0.0,237.0,910.0,276.0,421.0,325.71812669589224,732.0,0.0,552.0
0.0,0.0,236.0,956.0,1.0,646.0,0.0,446.0,87.13476214807848,421.0
2.0,270.1329119992969,103.0,803.0,627.0,712.0,730.5232247161368,746.0,102.22837408428082,88.0
2.0,611.6135038835943,844.0,963.0,532.0,298.0,809.5948695734083,34.0,661.4889701980666,606.0
0.0,69.00166987091322,624.0,316.0,803.0,973.0,132.25914942318406,210.0,689.0344138807674,9.0
1.0,185.50123760680606,212.0,124.0,230.0,726.0,71.62577724446618,438.0,80.04890491364397,61.0
0.0,124.6318012848191,12.0,283.0,665.0,417.0,0.0,626.0,80.44629653136327,249.0
0.0,101.48191749118162,685.0,271.0,305.0,157.0,0.0,119.0,440.9450474655383,505.0
0.0,116.74621095881979,560.0,414.0,350.0,412.0,0.0,528.0,0.0,417.0
1.0,659.3800963064739,219.0,82.0,426.0,932.0,0.0,29.0,281.04137038351234,275.0
1.0,141.1402046913382,311.0,331.0,847.0,499.0,79.7575683711246,567.0,0.0,410.0
2.0,879.883896397265,46.0,501.0,399.0,957.0,690.7699584794368,872.0,1000.0,944.0
2.0,966.0526425486578,787.0,139.0,700.0,469.0,71.37020363867335,92.0,670.3399402755512,513.0
1.0,0.0,110.0,60.0,286.0,102.0,170.90438454086373,102.0,896.7911581621179,479.0
2.0,763.179773849604,727.0,99.0,581.0,441.0,321.488853751866,635.0,533.8028465223906,426.0
0.0,342.65591650871,351.0,669.0,64.0,571.0,343.56871163998585,886.0,356.95750055351436,575.0
0.0,364.2001281001845,886.0,648.0,382.0,552.0,217.20644952743825,934.0,332.0898720592021,386.0
1.0,0.0,297.0,96.0,856.0,311.0,0.0,238.0,0.0,938.0
2.0,363.04897640901106,454.0,55.0,278.0,651.0,415.0207415658097,263.0,865.9223654478542,646.0
1.0,800.3362521940783,961.0,631.0,259.0,662.0,0.0,824.0,0.0,262.0
0.0,0.0,341.0,151.0,696.0,619.0,507.66045574882105,301.0,0.0,278.0
2.0,564.9868582656958,766.0,435.0,598.0,619.0,394.62309070379536,10.0,565.9792754822047,962.0
1.0,300.21930558248937,468.0,130.0,518.0,476.0,358.2940958862804,329.0,149.0657064132858,400.0
0.0,145.26158272613128,691.0,259.0,99.0,687.0,2.959064294116014,26.0,0.0,619.0
2.0,967.6375226047002,938.0,411.0,707.0,405.0,1000.0,265.0,1000.0,225.0
1.0,7.603469170989297,829.0,259.0,571.0,936.0,497.40033479118614,854.0,155.0736089614932,780.0
0.0,0.0,86.0,222.0,817.0,403.0,573.0498271557727,380.0,581.0147226672212,790.0
1.0,458.32385433823436,355.0,482.0,338.0,667.0,0.0,194.0,432.7551702889069,716.0
0.0,0.0,808.0,155.0,927.0,258.0,4.045227565310547,512.0,28.833758936404475,708.0
1.0,148.72956816518982,88.0,860.0,778.0,648.0,319.15402377849364,976.0,0.0,868.0
2.0,596.3126887104947,666.0,577.0,765.0,81.0,475.6567965087163,209.0,771.4208995144088,835.0
2.0,646.3078340687154,861.0,300.0,317.0,418.0,1000.0,592.0,1000.0,971.0
0.0,73.87016041232788,914.0,797.0,143.0,735.0,0.0,490.0,0.0,127.0
1.0,184.66110203067115,331.0,298.0,609.0,632.0,659.9198970123249,997.0,546.5549225595814,908.0
2.0,382.73016796187295,484.0,50.0,149.0,550.0,568.3452167759383,253.0,710.9353279558426,47.0
0.0,172.27172684645237,724.0,885.0,471.0,479.0,262.1172177664444,700.0,0.0,102.0
2.0,653.8326228908567,822.0,291.0,840.0,310.0,750.9533346482672,744.0,865.6744917132594,71.0
0.0,0.0,884.0,649.0,540.0,786.0,0.0,163.0,60.84049933496624,93.0
2.0,336.50508471799014,140.0,937.0,135.0,949.0,553.8237370283891,407.0,600.9703434986301,258.0
2.0,634.3316388299222,162.0,940.0,627.0,489.0,703.161818006302,994.0,758.325051179457,650.0
2.0,17.49270426313415,704.0,828.0,427.0,997.0,749.9650907683184,209.0,690.8198861895352,876.0
2.0,792.8729431944546,190.0,160.0,425.0,261.0,890.0837917965017,596.0,868.8829790272321,892.0
1.0,104.29962129187979,961.0,766.0,261.0,852.0,550.42122326032,297.0,534.0183538285568,410.0
2.0,291.9999877461582,995.0,41.0,580.0,204.0,0.0,817.0,666.2941485754528,726.0
0.0,182.49474908742812,375.0,573.0,886.0,173.0,496.331720582679,122.0,0.0,265.0
0.0,74.17573417461638,543.0,504.0,412.0,813.0,0.0,724.0,34.36399332375826,602.0
2.0,957.5954054389249,723.0,842.0,640.0,745.0,944.6873535406473,907.0,757.1414332977067,195.0
2.0,633.7319225414307,116.0,489.0,385.0,123.0,478.343598924766,841.0,443.4926143297083,546.0
1.0,122.69885115706445,873.0,76.0,503.0,827.0,272.7537853444775,539.0,561.4050205754345,642.0
2.0,558.115702249587,472.0,39.0,83.0,595.0,669.3881330910765,56.0,291.1559546514828,907.0
0.0,0.0,394.0,744.0,142.0,797.0,103.72726919123541,617.0,29.408322005930238,106.0
0.0,227.2261252270877,35.0,517.0,664.0,66.0,280.0962892259725,165.0,152.83606652167555,811.0
0.0,225.96049526873927,684.0,43.0,737.0,680.0,0.0,202.0,0.0,579.0
2.0,399.1506701198785,501.0,630.0,78.0,517.0,845.3377361032543,819.0,18.536401652731282,174.0
0.0,137.30853963863126,329.0,385.0,522.0,507.0,197.17552629658888,235.0,104.51489804736052,157.0
2.0,621.9568811528844,381.0,673.0,406.0,850.0,1000.0,164.0,599.6037907305044,147.0
0.0,4.82484620386286,810.0,297.0,77.0,488.0,0.0,616.0,0.0,614.0
0.0,405.2247819940814,221.0,701.0,904.0,129.0,0.0,838.0,245.83123918056327,927.0
1.0,94.16843623152843,39.0,149.0,17.0,428.0,0.0,41.0,0.0,340.0
1.0,220.0062939045856,638.0,168.0,655.0,807.0,405.00646651088056,290.0,265.6732978494278,403.0
1.0,343.16897319503937,515.0,557.0,886.0,15.0,0.0,44.0,356.91183624445176,492.0
0.0,0.0,155.0,658.0,543.0,53.0,136.67126207495068,347.0,381.3564139901857,685.0
0.0,191.43959260998705,223.0,968.0,109.0,503.0,572.6957848891477,798.0,579.9431823930112,449.0
1.0,272.26903208787166,225.0,960.0,109.0,42.0,704.8570835675462,891.0,0.0,673.0
2.0,1000.0,75.0,300.0,44.0,705.0,213.48855269257257,400.0,0.0,495.0
0.0,0.0,388.0,282.0,932.0,261.0,217.0555787792652,587.0,0.0,212.0
1.0,0.0,249.0,527.0,510.0,667.0,2.0616719083462236,236.0,193.29377422079486,436.0
2.0,1000.0,906.0,900.0,553.0,242.0,713.417135418494,127.0,640.0821121432423,893.0
0.0,104.25973810844671,395.0,678.0,793.0,691.0,0.0,177.0,0.0,62.0
0.0,0.0,805.0,204.0,760.0,431.0,0.0,949.0,97.23988683377631,927.0
0.0,0.0,634.0,513.0,524.0,64.0,0.0,395.0,0.0,737.0
1.0,27.284253913888897,498.0,341.0,984.0,190.0,676.9248492374735,619.0,290.34344409038204,234.0
0.0,570.4857584453601,736.0,731.0,464.0,994.0,90.21919087442375,198.0,277.5504307718656,869.0
2.0,612.0873501396394,536.0,96.0,348.0,765.0,0.0,766.0,859.9221794934859,459.0
0.0,0.0,387.0,265.0,304.0,382.0,127.66451175306804,730.0,0.0,88.0
2.0,477.80897706944046,68.0,793.0,83.0,688.0,1000.0,193.0,412.71363657920267,447.0
1.0,243.4448561637181,695.0,233.0,820.0,598.0,657.01434037284,53.0,105.54835387735642,466.0
2.0,185.07032052810024,862.0,790.0,237.0,434.0,532.4715603772679,590.0,348.4708197722355,272.0
2.0,1000.0,775.0,836.0,603.0,307.0,587.5552945308558,756.0,585.7339337285863,561.0
2.0,285.82754381923337,449.0,374.0,162.0,166.0,649.3812970456618,42.0,306.1426466548983,244.0
0.0,0.0,421.0,797.0,459.0,294.0,149.17237804658004,628.0,585.1984715546548,611.0
1.0,1000.0,363.0,924.0,349.0,840.0,670.7358748801197,943.0,78.86746751215517,76.0
0.0,162.09199930688555,29.0,813.0,559.0,399.0,0.0,676.0,0.0,283.0
0.0,16.564920226604407,925.0,239.0,169.0,116.0,392.16097472887213,354.0,0.0,211.0
1.0,4.522752660397728,501.0,133.0,144.0,737.0,192.21439950538402,529.0,295.9110181172807,697.0
1.0,27.356599477467498,923.0,650.0,618.0,948.0,519.8451528868655,235.0,327.7087322671955,935.0
1.0,795.2251325708642,71.0,590.0,477.0,564.0,319.5292869245027,948.0,667.6705686295754,835.0
0.0,117.63614661877993,321.0,21.0,287.0,301.0,0.0,842.0,14.940008858035018,395.0
1.0,72.59473293034658,642.0,743.0,195.0,695.0,697.8832232858249,251.0,133.57429695577022,91.0
0.0,653.6807673776232,650.0,290.0,502.0,255.0,428.9355906166904,701.0,0.0,9.0
0.0,0.0,793.0,751.0,840.0,687.0,229.95438120701593,37.0,0.0,61.0
2.0,551.4990028201877,53.0,689.0,320.0,404.0,334.6195226752507,701.0,973.1699600574855,569.0
0.0,360.1498944411942,535.0,209.0,735.0,563.0,0.0,992.0,0.0,67.0
1.0,210.80433264571923,812.0,718.0,567.0,130.0,0.0,481.0,665.7618178587171,561.0
2.0,275.9482919639259,73.0,235.0,680.0,837.0,614.2803943613644,977.0,293.68297256203454,483.0
0.0,432.7491554258791,128.0,230.0,685.0,745.0,0.0,98.0,364.37040255572197,757.0
2.0,1000.0,911.0,995.0,174.0,28.0,0.0,34.0,876.1765829531079,801.0
1.0,360.70631205248316,850.0,731.0,108.0,796.0,853.2071698017513,57.0,25.002534454835885,925.0
2.0,900.0547021802834,301.0,324.0,953.0,767.0,163.67675727398338,13.0,306.7543690414187,120.0
2.0,782.0491985869472,988.0,789.0,685.0,314.0,456.8421795984762,933.0,0.0,551.0
1.0,724.7854715218095,17.0,405.0,744.0,776.0,423.7450994453505,60.0,172.38004237835668,580.0
1.0,241.46885536615707,888.0,389.0,669.0,26.0,383.6463203305149,587.0,476.5770207165709,578.0
0.0,183.71770935177733,868.0,505.0,170.0,194.0,862.5831146726305,762.0,0.0,422.0
2.0,635.2518360222173,506.0,861.0,293.0,777.0,431.94577887796436,348.0,645.3181861699784,579.0
0.0,130.8797689733981,258.0,753.0,617.0,932.0,621.0058815007751,929.0,164.28780314282014,67.0
0.0,87.75856001063518,923.0,821.0,771.0,236.0,0.0,972.0,32.13737081345111,929.0
1.0,526.0199928297621,210.0,942.0,904.0,461.0,0.0,652.0,0.0,905.0
1.0,0.0,237.0,310.0,106.0,606.0,523.2348894494887,305.0,0.0,888.0
1.0,556.6971660599859,129.0,649.0,302.0,461.0,534.5534596259563,513.0,380.0456890791498,380.0
2.0,792.6705353082484,897.0,444.0,621.0,136.0,292.6049969051584,500.0,475.61556632906235,820.0
1.0,0.0,220.0,55.0,355.0,230.0,765.324444398243,822.0,0.0,428.0
0.0,0.0,182.0,617.0,705.0,304.0,276.5306868923427,693.0,0.0,13.0
0.0,0.0,158.0,577.0,134.0,771.0,0.0,347.0,38.41633178503889,170.0
1.0,293.1862300241348,895.0,885.0,509.0,177.0,511.0029349337392,24.0,55.36089320504254,502.0
2.0,476.40789041380606,623.0,638.0,408.0,623.0,241.2276532334273,46.0,485.31545424301385,613.0
0.0,0.0,995.0,895.0,985.0,625.0,0.0,377.0,0.0,201.0
0.0,399.0780968619506,865.0,45.0,100.0,48.0,102.52745655798708,987.0,197.6829281145244,392.0
1.0,0.0,966.0,605.0,482.0,117.0,0.0,508.0,201.1939026289703,525.0
2.0,463.76317106301235,278.0,409.0,726.0,694.0,640.1033803012498,415.0,335.23141741003127,251.0
2.0,864.6361107120277,375.0,900.0,409.0,897.0,128.75068111217627,664.0,33.24664452117817,483.0
2.0,167.11561958816011,846.0,386.0,299.0,516.0,497.4886951816953,928.0,590.0506314410771,255.0
1.0,64.5002113477484,638.0,262.0,194.0,331.0,160.7963571824475,897.0,0.0,18.0
1.0,33.87099081285141,809.0,314.0,14.0,72.0,0.0,474.0,861.4738830291826,787.0
2.0,263.70630115891623,483.0,501.0,199.0,996.0,552.8078111001972,891.0,0.0,660.0
2.0,695.5146411595758,368.0,571.0,569.0,948.0,628.036046873582,864.0,728.9078540197984,847.0
0.0,27.48960741035705,361.0,75.0,524.0,330.0,0.0,653.0,0.0,800.0
0.0,0.0,436.0,243.0,676.0,254.0,0.0,764.0,0.0,353.0
1.0,389.26067757163844,718.0,46.0,819.0,726.0,64.07910394245222,664.0,563.0775728174827,521.0
2.0,81.95316151005241,345.0,683.0,352.0,506.0,475.8203150411575,129.0,786.7065704369822,327.0
1.0,0.0,104.0,466.0,369.0,4.0,709.4435376291894,203.0,241.4880687732212,247.0
2.0,553.6278030163528,529.0,177.0,148.0,902.0,662.9914883737736,908.0,274.1144089015261,364.0
1.0,10.321621886731327,489.0,367.0,815.0,300.0,499.91062594485425,370.0,0.0,749.0
0.0,0.0,982.0,748.0,52.0,221.0,163.39863870277657,273.0,0.0,488.0
2.0,989.9757101296284,62.0,726.0,429.0,577.0,362.3111581965895,13.0,656.801317570595,829.0
0.0,0.0,300.0,948.0,570.0,630.0,543.472467349303,139.0,186.64339469455712,549.0
0.0,0.0,774.0,329.0,233.0,712.0,415.6437619544181,375.0,221.5276227658717,436.0
0.0,609.183720234916,288.0,899.0,437.0,614.0,0.0,20.0,42.49143361979371,947.0
0.0,26.77063360252007,567.0,891.0,43.0,321.0,0.0,665.0,443.6943748456149,844.0
2.0,419.3395722340187,52.0,643.0,339.0,610.0,545.2231238448053,894.0,482.41162674543824,348.0
1.0,0.0,938.0,497.0,997.0,849.0,228.559022253442,776.0,596.7288339693604,121.0
0.0,0.0,337.0,901.0,407.0,35.0,276.31002530827044,881.0,0.0,386.0
1.0,286.7982431072698,486.0,973.0,699.0,87.0,361.1084734039718,673.0,603.1762782797794,459.0
1.0,254.68149614646785,703.0,228.0,151.0,468.0,68.11768250869922,484.0,0.0,366.0
1.0,383.27876477078865,308.0,175.0,973.0,155.0,282.06073938963925,354.0,171.29495310850004,390.0
0.0,0.0,132.0,913.0,447.0,681.0,0.0,804.0,124.24250768750125,499.0
0.0,386.23424907683574,698.0,953.0,346.0,435.0,0.0,834.0,0.0,696.0
0.0,0.0,820.0,465.0,70.0,329.0,140.70221153383804,591.0,0.0,25.0
0.0,117.73616165246821,355.0,411.0,686.0,602.0,0.0,442.0,451.13493511067804,550.0
2.0,523.8698649878053,809.0,644.0,827.0,209.0,1000.0,874.0,567.2759582193872,226.0
1.0,224.01799863924427,551.0,885.0,574.0,216.0,0.0,721.0,452.24942330023663,964.0
2.0,261.77879917712903,323.0,932.0,308.0,419.0,213.36549025510988,719.0,864.2689529617998,181.0
2.0,24.840118142702213,643.0,703.0,473.0,462.0,921.2653291979072,21.0,1000.0,222.0
0.0,0.0,582.0,940.0,188.0,854.0,0.0,519.0,0.0,707.0
2.0,663.4104540768809,289.0,945.0,699.0,260.0,711.381564066625,397.0,339.6807756403411,523.0
1.0,1000.0,427.0,60.0,554.0,469.0,325.9711105457077,545.0,901.7442360491034,353.0
